节点	端口	平均利用率
0	1	0.139200
0	2	0.039963
0	3	0.325580
0	4	0.199435
0	5	0.444492
0	6	0.143989
0	7	0.054528
0	8	0.296260
1	1	0.129663
1	2	0.465503
1	3	0.140038
1	4	0.059805
1	5	0.204790
1	6	0.248656
1	7	0.127266
1	8	0.149592
2	1	0.157912
2	2	0.072357
2	3	0.172017
2	4	0.139439
2	5	0.256309
2	6	0.110776
2	7	0.150983
2	8	0.258991
3	1	0.156586
3	2	0.227901
3	3	0.125158
3	4	0.111755
3	5	0.201345
3	6	0.274692
3	7	0.137456
3	8	0.135670
4	1	0.097338
4	2	0.125657
4	3	0.201153
4	4	0.265376
4	5	0.198821
4	6	0.211436
4	7	0.211203
4	8	0.190284
5	1	0.288562
5	2	0.202443
5	3	0.069740
5	4	0.170523
5	5	0.171485
5	6	0.226310
5	7	0.131013
5	8	0.288081
6	1	0.028072
6	2	0.278148
6	3	0.128615
6	4	0.172366
6	5	0.269268
6	6	0.102547
6	7	0.086746
6	8	0.174003
7	1	0.177006
7	2	0.253660
7	3	0.112379
7	4	0.052130
7	5	0.210734
7	6	0.102938
7	7	0.274269
7	8	0.183243
8	1	0.132982
8	2	0.155513
8	3	0.014669
9	1	0.202991
9	2	0.039572
9	3	0.101981
10	1	0.233395
10	2	0.151073
10	3	0.047133
11	1	0.105596
11	2	0.229899
11	3	0.095301
12	1	0.204190
12	2	0.024229
12	3	0.120346
13	1	0.117473
13	2	0.243667
13	3	0.121639
14	1	0.101717
14	2	0.156337
14	3	0.072011
15	1	0.023271
15	2	0.192148
15	3	0.100267
16	1	0.076867
16	2	0.077437
16	3	0.030731
17	1	0.068328
17	2	0.366985
17	3	0.120331
18	1	0.073047
18	2	0.187082
18	3	0.087334
19	1	0.184769
19	2	0.125020
19	3	0.129632
20	1	0.098541
20	2	0.137253
20	3	0.177796
21	1	0.268997
21	2	0.202364
21	3	0.050243
22	1	0.147973
22	2	0.046333
22	3	0.195979
23	1	0.198632
23	2	0.160653
23	3	0.108945
24	1	0.515375
24	2	0.370863
24	3	0.143622
25	1	0.333885
25	2	0.220120
25	3	0.067529
26	1	0.154788
26	2	0.123702
26	3	0.119969
27	1	0.156945
27	2	0.322505
27	3	0.017907
28	1	0.109044
28	2	0.215751
28	3	0.095180
29	1	0.263809
29	2	0.118047
29	3	0.056905
30	1	0.101558
30	2	0.262253
30	3	0.167738
31	1	0.177149
31	2	0.101639
31	3	0.057020
32	1	0.121121
32	2	0.201067
32	3	0.011492
33	1	0.191489
33	2	0.151816
33	3	0.047541
34	1	0.114246
34	2	0.028470
34	3	0.158397
35	1	0.095865
35	2	0.206308
35	3	0.131543
36	1	0.213787
36	2	0.270149
36	3	0.070804
37	1	0.235764
37	2	0.078310
37	3	0.062362
38	1	0.253787
38	2	0.102728
38	3	0.106695
39	1	0.058649
39	2	0.024475
39	3	0.027519
40	1	0.247059
40	2	0.111415
40	3	0.368853
41	1	0.158632
41	2	0.178202
41	3	0.079045
42	1	0.375005
42	2	0.234961
42	3	0.098460
43	1	0.334920
43	2	0.235838
43	3	0.114415
44	1	0.055363
44	2	0.357240
44	3	0.053615
45	1	0.157538
45	2	0.177268
45	3	0.132543
46	1	0.128582
46	2	0.327759
46	3	0.086974
47	1	0.313090
47	2	0.153256
47	3	0.122883
48	1	0.197556
48	2	0.201943
48	3	0.184452
49	1	0.059460
49	2	0.234147
49	3	0.205961
50	1	0.165417
50	2	0.259481
50	3	0.070534
51	1	0.216260
51	2	0.169370
51	3	0.166790
52	1	0.301446
52	2	0.268665
52	3	0.138331
53	1	0.178414
53	2	0.136195
53	3	0.124874
54	1	0.095491
54	2	0.101240
54	3	0.056699
55	1	0.244821
55	2	0.311556
55	3	0.090085
56	1	0.145390
56	2	0.057309
56	3	0.042433
57	1	0.190360
57	2	0.390757
57	3	0.124461
58	1	0.144902
58	2	0.061773
58	3	0.094460
59	1	0.109521
59	2	0.118407
59	3	0.159200
60	1	0.277249
60	2	0.145055
60	3	0.077257
61	1	0.124031
61	2	0.159565
61	3	0.049094
62	1	0.119429
62	2	0.093041
62	3	0.076498
63	1	0.058610
63	2	0.265810
63	3	0.072725
64	1	0.206595
64	2	0.125065
64	3	0.104989
65	1	0.319947
65	2	0.215717
65	3	0.093487
66	1	0.058264
66	2	0.140240
66	3	0.138867
67	1	0.166339
67	2	0.201465
67	3	0.033816
68	1	0.241241
68	2	0.196654
68	3	0.092298
69	1	0.201909
69	2	0.543919
69	3	0.132048
70	1	0.291978
70	2	0.127211
70	3	0.082283
71	1	0.290762
71	2	0.038557
71	3	0.196596
72	1	0.040915
72	2	0.198332
72	3	0.220512
72	4	0.151061
72	5	0.251180
72	6	0.090073
72	7	0.134373
72	8	0.106429
73	1	0.075182
73	2	0.060489
73	3	0.123106
73	4	0.177783
73	5	0.249307
73	6	0.259677
73	7	0.226455
73	8	0.130898
74	1	0.286746
74	2	0.265067
74	3	0.221631
74	4	0.161090
74	5	0.205615
74	6	0.209930
74	7	0.270700
74	8	0.114261
75	1	0.113365
75	2	0.065855
75	3	0.225793
75	4	0.246372
75	5	0.126126
75	6	0.128275
75	7	0.097723
75	8	0.060721
76	1	0.387287
76	2	0.180711
76	3	0.194143
76	4	0.309170
76	5	0.057007
76	6	0.205245
76	7	0.101772
76	8	0.340711
77	1	0.290271
77	2	0.179528
77	3	0.138229
77	4	0.190177
77	5	0.171390
77	6	0.300512
77	7	0.107414
77	8	0.305320
78	1	0.083722
78	2	0.186030
78	3	0.208621
78	4	0.235315
78	5	0.218496
78	6	0.061186
78	7	0.238498
78	8	0.059532
79	1	0.204378
79	2	0.230341
79	3	0.175399
79	4	0.169469
79	5	0.158962
79	6	0.153293
79	7	0.268211
79	8	0.231957
80	1	0.068887
81	1	0.059304
82	1	0.050340
83	1	0.109410
84	1	0.060405
85	1	0.113045
86	1	0.119719
87	1	0.066306
88	1	0.050346
89	1	0.074974
90	1	0.119567
91	1	0.081680
92	1	0.108231
93	1	0.054911
94	1	0.041069
95	1	0.096300
96	1	0.280424
97	1	0.142514
98	1	0.062430
99	1	0.114651
100	1	0.054204
101	1	0.108115
102	1	0.150010
103	1	0.083345
104	1	0.016433
105	1	0.156420
106	1	0.047221
107	1	0.103617
108	1	0.117228
109	1	0.069977
110	1	0.149748
111	1	0.013047
112	1	0.132175
113	1	0.054767
114	1	0.178237
115	1	0.144387
116	1	0.132114
117	1	0.111424
118	1	0.129781
119	1	0.080199
120	1	0.166982
121	1	0.139091
122	1	0.158606
123	1	0.127109
124	1	0.232030
125	1	0.018485
126	1	0.050247
127	1	0.164181
128	1	0.074643
129	1	0.258205
130	1	0.018026
131	1	0.086761
132	1	0.073906
133	1	0.094589
134	1	0.019994
135	1	0.068467
136	1	0.020703
137	1	0.171277
138	1	0.020912
139	1	0.065181
140	1	0.136779
141	1	0.284353
142	1	0.070743
143	1	0.153847
