节点	端口	平均利用率
0	1	0.332855
0	2	0.320360
0	3	0.301810
0	4	0.430012
0	5	0.814735
0	6	0.268184
0	7	0.237922
0	8	0.587434
1	1	0.319794
1	2	0.519578
1	3	0.234157
1	4	0.214633
1	5	0.492043
1	6	0.528924
1	7	0.256390
1	8	0.410794
2	1	0.279314
2	2	0.284026
2	3	0.377823
2	4	0.266026
2	5	0.423294
2	6	0.232197
2	7	0.362189
2	8	0.484653
3	1	0.287907
3	2	0.443344
3	3	0.232779
3	4	0.349736
3	5	0.408417
3	6	0.429298
3	7	0.341036
3	8	0.315500
4	1	0.261019
4	2	0.415921
4	3	0.490124
4	4	0.334559
4	5	0.414155
4	6	0.282047
4	7	0.284688
4	8	0.449324
5	1	0.364531
5	2	0.468574
5	3	0.238637
5	4	0.319837
5	5	0.499094
5	6	0.500700
5	7	0.236349
5	8	0.337573
6	1	0.245324
6	2	0.576074
6	3	0.434972
6	4	0.250816
6	5	0.423649
6	6	0.399215
6	7	0.316743
6	8	0.402165
7	1	0.315719
7	2	0.395099
7	3	0.291604
7	4	0.232889
7	5	0.540733
7	6	0.271654
7	7	0.366080
7	8	0.446399
8	1	0.401643
8	2	0.444570
8	3	0.029310
9	1	0.225376
9	2	0.406303
9	3	0.209823
10	1	0.310894
10	2	0.373380
10	3	0.096464
11	1	0.234457
11	2	0.548716
11	3	0.195044
12	1	0.231269
12	2	0.370402
12	3	0.247964
13	1	0.337871
13	2	0.523855
13	3	0.249894
14	1	0.289718
14	2	0.527275
14	3	0.147013
15	1	0.266082
15	2	0.393292
15	3	0.206429
16	1	0.238870
16	2	0.447421
16	3	0.063379
17	1	0.225633
17	2	0.588626
17	3	0.248044
18	1	0.337803
18	2	0.507566
18	3	0.178724
19	1	0.291252
19	2	0.474465
19	3	0.266443
20	1	0.232489
20	2	0.468575
20	3	0.365502
21	1	0.368123
21	2	0.625759
21	3	0.103155
22	1	0.246456
22	2	0.375293
22	3	0.404203
23	1	0.339018
23	2	0.484339
23	3	0.223614
24	1	0.726911
24	2	0.750443
24	3	0.292520
25	1	0.489123
25	2	0.533373
25	3	0.137398
26	1	0.397471
26	2	0.395617
26	3	0.246976
27	1	0.502940
27	2	0.577464
27	3	0.035206
28	1	0.357598
28	2	0.504073
28	3	0.196301
29	1	0.413889
29	2	0.491317
29	3	0.115464
30	1	0.408827
30	2	0.555100
30	3	0.344419
31	1	0.428401
31	2	0.486095
31	3	0.116599
32	1	0.374179
32	2	0.469591
32	3	0.023524
33	1	0.432875
33	2	0.497606
33	3	0.095841
34	1	0.228143
34	2	0.272454
34	3	0.326604
35	1	0.295545
35	2	0.455452
35	3	0.270152
36	1	0.361807
36	2	0.490790
36	3	0.144698
37	1	0.309368
37	2	0.463522
37	3	0.127699
38	1	0.374348
38	2	0.544423
38	3	0.218191
39	1	0.257233
39	2	0.241698
39	3	0.056776
40	1	0.256215
40	2	0.545430
40	3	0.760417
41	1	0.414714
41	2	0.520277
41	3	0.162584
42	1	0.538545
42	2	0.752858
42	3	0.201136
43	1	0.510850
43	2	0.622671
43	3	0.234157
44	1	0.554302
44	2	0.643819
44	3	0.108798
45	1	0.354363
45	2	0.605282
45	3	0.272074
46	1	0.541359
46	2	0.613172
46	3	0.177665
47	1	0.452664
47	2	0.512365
47	3	0.253054
48	1	0.513751
48	2	0.528169
48	3	0.378690
49	1	0.196165
49	2	0.637799
49	3	0.423696
50	1	0.413971
50	2	0.684627
50	3	0.143350
51	1	0.294288
51	2	0.700774
51	3	0.342434
52	1	0.462655
52	2	0.765139
52	3	0.282270
53	1	0.262470
53	2	0.407348
53	3	0.258136
54	1	0.410184
54	2	0.458377
54	3	0.116764
55	1	0.439443
55	2	0.680683
55	3	0.183597
56	1	0.338609
56	2	0.406485
56	3	0.086635
57	1	0.448783
57	2	0.791770
57	3	0.253328
58	1	0.212622
58	2	0.277816
58	3	0.194954
59	1	0.251736
59	2	0.439923
59	3	0.327600
60	1	0.273732
60	2	0.437199
60	3	0.158702
61	1	0.305892
61	2	0.433172
61	3	0.099739
62	1	0.286281
62	2	0.284565
62	3	0.157741
63	1	0.280122
63	2	0.391916
63	3	0.149209
64	1	0.443598
64	2	0.437274
64	3	0.216811
65	1	0.543624
65	2	0.720172
65	3	0.190542
66	1	0.270157
66	2	0.344635
66	3	0.286746
67	1	0.426830
67	2	0.448192
67	3	0.068811
68	1	0.457840
68	2	0.695228
68	3	0.188635
69	1	0.613451
69	2	0.824228
69	3	0.268591
70	1	0.492261
70	2	0.455131
70	3	0.169001
71	1	0.396884
71	2	0.566850
71	3	0.403834
72	1	0.288298
72	2	0.489894
72	3	0.391633
72	4	0.436251
72	5	0.589609
72	6	0.533209
72	7	0.372996
72	8	0.485381
73	1	0.284255
73	2	0.483655
73	3	0.427254
73	4	0.521613
73	5	0.575450
73	6	0.506930
73	7	0.690351
73	8	0.480919
74	1	0.606089
74	2	0.478273
74	3	0.655053
74	4	0.444795
74	5	0.542104
74	6	0.452437
74	7	0.602531
74	8	0.513457
75	1	0.394331
75	2	0.262607
75	3	0.697090
75	4	0.517425
75	5	0.325602
75	6	0.421043
75	7	0.487987
75	8	0.327786
76	1	0.970465
76	2	0.544470
76	3	0.537154
76	4	0.600321
76	5	0.457268
76	6	0.548734
76	7	0.553084
76	8	0.601523
77	1	0.845128
77	2	0.584735
77	3	0.500343
77	4	0.730062
77	5	0.554912
77	6	0.612938
77	7	0.496222
77	8	0.539759
78	1	0.373623
78	2	0.427077
78	3	0.446310
78	4	0.652128
78	5	0.441440
78	6	0.312244
78	7	0.487959
78	8	0.323947
79	1	0.643183
79	2	0.529371
79	3	0.619934
79	4	0.428862
79	5	0.518930
79	6	0.465721
79	7	0.592744
79	8	0.695094
80	1	0.142641
81	1	0.123212
82	1	0.103161
83	1	0.224601
84	1	0.125456
85	1	0.234069
86	1	0.246384
87	1	0.136810
88	1	0.103905
89	1	0.153299
90	1	0.246057
91	1	0.168256
92	1	0.220989
93	1	0.112943
94	1	0.083118
95	1	0.197265
96	1	0.577733
97	1	0.292429
98	1	0.127199
99	1	0.237311
100	1	0.112383
101	1	0.222497
102	1	0.307450
103	1	0.171584
104	1	0.035569
105	1	0.322596
106	1	0.095892
107	1	0.212288
108	1	0.241409
109	1	0.144728
110	1	0.308549
111	1	0.027289
112	1	0.267680
113	1	0.113942
114	1	0.367199
115	1	0.297838
116	1	0.272108
117	1	0.228148
118	1	0.266849
119	1	0.164479
120	1	0.342289
121	1	0.284492
122	1	0.326734
123	1	0.260999
124	1	0.477454
125	1	0.038249
126	1	0.104146
127	1	0.337848
128	1	0.155336
129	1	0.532236
130	1	0.035754
131	1	0.176794
132	1	0.152160
133	1	0.194743
134	1	0.041246
135	1	0.140134
136	1	0.041195
137	1	0.352252
138	1	0.041181
139	1	0.135816
140	1	0.282080
141	1	0.586331
142	1	0.145670
143	1	0.315049
