80 88 0.1428 200
80 96 0.1428 200
80 104 0.1428 200
80 112 0.1428 200
80 120 0.1428 200
80 128 0.1428 200
80 136 0.1428 200
81 89 0.1428 200
81 97 0.1428 200
81 105 0.1428 200
81 113 0.1428 200
81 121 0.1428 200
81 129 0.1428 200
81 137 0.1428 200
82 90 0.1428 200
82 98 0.1428 200
82 106 0.1428 200
82 114 0.1428 200
82 122 0.1428 200
82 130 0.1428 200
82 138 0.1428 200
83 91 0.1428 200
83 99 0.1428 200
83 107 0.1428 200
83 115 0.1428 200
83 123 0.1428 200
83 131 0.1428 200
83 139 0.1428 200
84 92 0.1428 200
84 100 0.1428 200
84 108 0.1428 200
84 116 0.1428 200
84 124 0.1428 200
84 132 0.1428 200
84 140 0.1428 200
85 93 0.1428 200
85 101 0.1428 200
85 109 0.1428 200
85 117 0.1428 200
85 125 0.1428 200
85 133 0.1428 200
85 141 0.1428 200
86 94 0.1428 200
86 102 0.1428 200
86 110 0.1428 200
86 118 0.1428 200
86 126 0.1428 200
86 134 0.1428 200
86 142 0.1428 200
87 95 0.1428 200
87 103 0.1428 200
87 111 0.1428 200
87 119 0.1428 200
87 127 0.1428 200
87 135 0.1428 200
87 143 0.1428 200
