# Format: delay(us) ack_ratio packet_ratio (based on total count = 23604621)
0 0.000000 0.000000
1 1.000000 0.000000
2 0.000000 0.054459
3 0.000000 0.091568
4 0.000000 0.203857
5 0.000000 0.172496
6 0.000000 0.105272
7 0.000000 0.064975
8 0.000000 0.044604
9 0.000000 0.032967
10 0.000000 0.025396
11 0.000000 0.020205
12 0.000000 0.016352
13 0.000000 0.013851
14 0.000000 0.012065
15 0.000000 0.010640
16 0.000000 0.009397
17 0.000000 0.008484
18 0.000000 0.007640
19 0.000000 0.006863
20 0.000000 0.006375
21 0.000000 0.005886
22 0.000000 0.005563
23 0.000000 0.005226
24 0.000000 0.004836
25 0.000000 0.004496
26 0.000000 0.004102
27 0.000000 0.003975
28 0.000000 0.003658
29 0.000000 0.003398
30 0.000000 0.003219
31 0.000000 0.002916
32 0.000000 0.002788
33 0.000000 0.002601
34 0.000000 0.002456
35 0.000000 0.002310
36 0.000000 0.002133
37 0.000000 0.001996
38 0.000000 0.001911
39 0.000000 0.001791
40 0.000000 0.001746
41 0.000000 0.001634
42 0.000000 0.001603
43 0.000000 0.001512
44 0.000000 0.001383
45 0.000000 0.001323
46 0.000000 0.001269
47 0.000000 0.001120
48 0.000000 0.001047
49 0.000000 0.000980
50 0.000000 0.000938
51 0.000000 0.000879
52 0.000000 0.000826
53 0.000000 0.000750
54 0.000000 0.000692
55 0.000000 0.000698
56 0.000000 0.000679
57 0.000000 0.000613
58 0.000000 0.000538
59 0.000000 0.000502
60 0.000000 0.000499
61 0.000000 0.000451
62 0.000000 0.000422
63 0.000000 0.000408
64 0.000000 0.000367
65 0.000000 0.000350
66 0.000000 0.000344
67 0.000000 0.000309
68 0.000000 0.000303
69 0.000000 0.000281
70 0.000000 0.000244
71 0.000000 0.000230
72 0.000000 0.000207
73 0.000000 0.000190
74 0.000000 0.000164
75 0.000000 0.000144
76 0.000000 0.000144
77 0.000000 0.000130
78 0.000000 0.000118
79 0.000000 0.000111
80 0.000000 0.000101
81 0.000000 0.000105
82 0.000000 0.000095
83 0.000000 0.000089
84 0.000000 0.000086
85 0.000000 0.000073
86 0.000000 0.000063
87 0.000000 0.000056
88 0.000000 0.000046
89 0.000000 0.000041
90 0.000000 0.000036
91 0.000000 0.000040
92 0.000000 0.000036
93 0.000000 0.000037
94 0.000000 0.000030
95 0.000000 0.000028
96 0.000000 0.000021
97 0.000000 0.000017
98 0.000000 0.000017
99 0.000000 0.000016
100 0.000000 0.000012
101 0.000000 0.000011
102 0.000000 0.000008
103 0.000000 0.000007
104 0.000000 0.000007
105 0.000000 0.000005
106 0.000000 0.000005
107 0.000000 0.000005
108 0.000000 0.000008
109 0.000000 0.000002
110 0.000000 0.000002
111 0.000000 0.000002
112 0.000000 0.000002
113 0.000000 0.000002
114 0.000000 0.000001
115 0.000000 0.000001
116 0.000000 0.000001
117 0.000000 0.000001
118 0.000000 0.000001
119 0.000000 0.000001
120 0.000000 0.000001
121 0.000000 0.000001
122 0.000000 0.000001
123 0.000000 0.000000
124 0.000000 0.000000
125 0.000000 0.000000
126 0.000000 0.000000
127 0.000000 0.000000
128 0.000000 0.000000
129 0.000000 0.000000
130 0.000000 0.000000
131 0.000000 0.000000
132 0.000000 0.000000
133 0.000000 0.000000
134 0.000000 0.000000
135 0.000000 0.000000
136 0.000000 0.000000
137 0.000000 0.000000
138 0.000000 0.000000
139 0.000000 0.000000
140 0.000000 0.000000
141 0.000000 0.000000
142 0.000000 0.000000
143 0.000000 0.000000
144 0.000000 0.000000
145 0.000000 0.000000
146 0.000000 0.000000
147 0.000000 0.000000
148 0.000000 0.000000
149 0.000000 0.000000
