36 52 0.125 100
37 53 0.125 100
38 54 0.125 100
39 55 0.125 100
40 56 0.125 100
41 57 0.125 100
42 58 0.125 100
43 59 0.125 100
44 60 0.125 100
45 61 0.125 100
46 62 0.125 100
47 63 0.125 100
48 64 0.125 100
49 65 0.125 100
50 66 0.125 100
51 67 0.125 100
36 68 0.125 100
37 69 0.125 100
38 70 0.125 100
39 71 0.125 100
40 72 0.125 100
41 73 0.125 100
42 74 0.125 100
43 75 0.125 100
44 76 0.125 100
45 77 0.125 100
46 78 0.125 100
47 79 0.125 100
48 80 0.125 100
49 81 0.125 100
50 82 0.125 100
51 83 0.125 100
36 84 0.125 100
37 85 0.125 100
38 86 0.125 100
39 87 0.125 100
40 88 0.125 100
41 89 0.125 100
42 90 0.125 100
43 91 0.125 100
44 92 0.125 100
45 93 0.125 100
46 94 0.125 100
47 95 0.125 100
48 96 0.125 100
49 97 0.125 100
50 98 0.125 100
51 99 0.125 100
36 100 0.125 100
37 101 0.125 100
38 102 0.125 100
39 103 0.125 100
40 104 0.125 100
41 105 0.125 100
42 106 0.125 100
43 107 0.125 100
44 108 0.125 100
45 109 0.125 100
46 110 0.125 100
47 111 0.125 100
48 112 0.125 100
49 113 0.125 100
50 114 0.125 100
51 115 0.125 100
36 116 0.125 100
37 117 0.125 100
38 118 0.125 100
39 119 0.125 100
40 120 0.125 100
41 121 0.125 100
42 122 0.125 100
43 123 0.125 100
44 124 0.125 100
45 125 0.125 100
46 126 0.125 100
47 127 0.125 100
48 128 0.125 100
49 129 0.125 100
50 130 0.125 100
51 131 0.125 100
36 132 0.125 100
37 133 0.125 100
38 134 0.125 100
39 135 0.125 100
40 136 0.125 100
41 137 0.125 100
42 138 0.125 100
43 139 0.125 100
44 140 0.125 100
45 141 0.125 100
46 142 0.125 100
47 143 0.125 100
48 144 0.125 100
49 145 0.125 100
50 146 0.125 100
51 147 0.125 100
36 148 0.125 100
37 149 0.125 100
38 150 0.125 100
39 151 0.125 100
40 152 0.125 100
41 153 0.125 100
42 154 0.125 100
43 155 0.125 100
44 156 0.125 100
45 157 0.125 100
46 158 0.125 100
47 159 0.125 100
48 160 0.125 100
49 161 0.125 100
50 162 0.125 100
51 163 0.125 100
36 164 0.125 100
37 165 0.125 100
38 166 0.125 100
39 167 0.125 100
40 168 0.125 100
41 169 0.125 100
42 170 0.125 100
43 171 0.125 100
44 172 0.125 100
45 173 0.125 100
46 174 0.125 100
47 175 0.125 100
48 176 0.125 100
49 177 0.125 100
50 178 0.125 100
51 179 0.125 100