0 0.0000
53 0.0007
56 0.0015
60 0.0022
64 0.0030
68 0.0037
72 0.0044
77 0.0052
81 0.0059
87 0.0067
92 0.0074
100 0.0081
109 0.0089
119 0.0096
130 0.0104
141 0.0112
154 0.0119
168 0.0126
183 0.0134
199 0.0142
217 0.0149
222 0.0175
227 0.0201
232 0.0227
237 0.0253
243 0.0279
248 0.0305
254 0.0331
259 0.0357
265 0.0383
271 0.0409
274 0.0420
277 0.0431
279 0.0442
282 0.0453
285 0.0464
288 0.0476
291 0.0487
294 0.0498
297 0.0509
300 0.0520
303 0.0605
305 0.0691
308 0.0776
310 0.0862
313 0.0948
315 0.1033
318 0.1119
321 0.1204
323 0.1290
326 0.1375
331 0.1440
335 0.1505
340 0.1570
345 0.1635
350 0.1700
355 0.1766
360 0.1831
365 0.1896
371 0.1961
376 0.2026
381 0.2046
385 0.2067
390 0.2087
395 0.2108
400 0.2128
405 0.2148
410 0.2169
415 0.2189
420 0.2210
425 0.2230
430 0.2271
435 0.2312
441 0.2353
446 0.2394
452 0.2434
457 0.2475
463 0.2516
468 0.2557
474 0.2598
480 0.2639
491 0.2834
502 0.3029
513 0.3225
525 0.3420
537 0.3615
549 0.3810
561 0.4005
574 0.4201
587 0.4396
600 0.4591
607 0.4649
615 0.4706
623 0.4764
630 0.4821
638 0.4879
646 0.4937
654 0.4994
662 0.5052
671 0.5109
679 0.5167
685 0.5202
690 0.5238
696 0.5273
702 0.5308
707 0.5343
713 0.5379
719 0.5414
725 0.5449
731 0.5485
737 0.5520
743 0.5544
749 0.5568
755 0.5593
762 0.5617
768 0.5641
774 0.5665
781 0.5689
787 0.5714
793 0.5738
800 0.5762
808 0.5777
816 0.5792
825 0.5807
833 0.5822
841 0.5837
850 0.5852
859 0.5867
867 0.5882
876 0.5897
885 0.5912
900 0.5930
914 0.5949
929 0.5968
945 0.5986
960 0.6005
976 0.6023
992 0.6041
1009 0.6060
1025 0.6079
1042 0.6097
1063 0.6116
1085 0.6134
1108 0.6152
1130 0.6171
1154 0.6190
1177 0.6208
1201 0.6227
1226 0.6245
1251 0.6263
1277 0.6282
1290 0.6293
1303 0.6304
1316 0.6316
1330 0.6327
1343 0.6338
1357 0.6349
1371 0.6360
1385 0.6372
1399 0.6383
1413 0.6394
1425 0.6401
1436 0.6409
1448 0.6416
1460 0.6424
1472 0.6431
1484 0.6438
1497 0.6446
1509 0.6453
1521 0.6461
1534 0.6468
1547 0.6489
1559 0.6509
1572 0.6530
1585 0.6550
1598 0.6571
1611 0.6591
1624 0.6611
1637 0.6632
1651 0.6653
1664 0.6673
1712 0.6680
1762 0.6688
1813 0.6695
1865 0.6703
1919 0.6710
1975 0.6717
2032 0.6725
2091 0.6732
2152 0.6740
2214 0.6747
2311 0.6756
2412 0.6766
2517 0.6775
2627 0.6784
2742 0.6794
2862 0.6803
2987 0.6812
3118 0.6821
3254 0.6831
3396 0.6840
3544 0.6849
3699 0.6859
3861 0.6868
4030 0.6877
4206 0.6886
4390 0.6896
4582 0.6905
4783 0.6914
4992 0.6924
5210 0.6933
5427 0.6948
5652 0.6963
5887 0.6978
6132 0.6993
6387 0.7007
6653 0.7022
6929 0.7037
7217 0.7052
7517 0.7067
7830 0.7082
9012 0.7095
10373 0.7108
11939 0.7121
13741 0.7134
15816 0.7147
18203 0.7160
20952 0.7173
24115 0.7186
27756 0.7199
31946 0.7212
32405 0.7221
32871 0.7231
33343 0.7240
33822 0.7249
34308 0.7258
34801 0.7268
35301 0.7277
35808 0.7286
36322 0.7296
36844 0.7305
37146 0.7314
37450 0.7324
37756 0.7333
38065 0.7342
38377 0.7351
38691 0.7361
39007 0.7370
39327 0.7379
39648 0.7389
39973 0.7398
40382 0.7417
40796 0.7435
41214 0.7454
41636 0.7472
42062 0.7491
42493 0.7510
42928 0.7528
43367 0.7547
43811 0.7565
44260 0.7584
44531 0.7604
44804 0.7625
45079 0.7645
45356 0.7666
45634 0.7686
45913 0.7706
46195 0.7727
46478 0.7747
46763 0.7768
47050 0.7788
47435 0.7825
47823 0.7862
48215 0.7900
48609 0.7937
49007 0.7974
49408 0.8011
49813 0.8048
50221 0.8086
50632 0.8123
51046 0.8160
52097 0.8167
53169 0.8175
54264 0.8182
55381 0.8190
56521 0.8197
57684 0.8204
58872 0.8212
60084 0.8219
61321 0.8227
62583 0.8234
63353 0.8243
64132 0.8253
64921 0.8262
65720 0.8271
66528 0.8281
67347 0.8290
68175 0.8299
69014 0.8308
69863 0.8318
70722 0.8327
71156 0.8336
71592 0.8346
72031 0.8355
72473 0.8364
72917 0.8374
73364 0.8383
73814 0.8392
74266 0.8401
74722 0.8411
75180 0.8420
75795 0.8450
76416 0.8479
77041 0.8509
77672 0.8539
78307 0.8569
78948 0.8598
79595 0.8628
80246 0.8658
80903 0.8687
81565 0.8717
83414 0.8734
85305 0.8751
87238 0.8767
89216 0.8784
91238 0.8801
93306 0.8818
95421 0.8835
97584 0.8851
99796 0.8868
102058 0.8885
103313 0.8894
104584 0.8904
105871 0.8913
107173 0.8922
108492 0.8931
109826 0.8941
111177 0.8950
112545 0.8959
113929 0.8969
115331 0.8978
116988 0.8987
118669 0.8996
120373 0.9006
122103 0.9015
123857 0.9024
125636 0.9033
127441 0.9042
129272 0.9052
131129 0.9061
133013 0.9070
135199 0.9079
137421 0.9089
139679 0.9098
141975 0.9108
144308 0.9117
146680 0.9126
149091 0.9136
151541 0.9145
154032 0.9155
156563 0.9164
159136 0.9173
161752 0.9183
164410 0.9192
167112 0.9201
169859 0.9211
172651 0.9220
175488 0.9229
178373 0.9238
181304 0.9248
184284 0.9257
186932 0.9266
189618 0.9275
192343 0.9285
195107 0.9294
197911 0.9303
200755 0.9312
203640 0.9321
206566 0.9331
209535 0.9340
212546 0.9349
215160 0.9358
217805 0.9368
220484 0.9377
223195 0.9386
225940 0.9395
228718 0.9405
231530 0.9414
234377 0.9423
237259 0.9433
240177 0.9442
244622 0.9451
249150 0.9461
253761 0.9470
258458 0.9479
263241 0.9489
268113 0.9498
273075 0.9507
278129 0.9516
283277 0.9526
288520 0.9535
302981 0.9544
318166 0.9554
334113 0.9563
350858 0.9572
368444 0.9581
386910 0.9591
406302 0.9600
426666 0.9609
448051 0.9619
470507 0.9628
492079 0.9634
514641 0.9639
538237 0.9645
562914 0.9650
588723 0.9656
615716 0.9662
643946 0.9667
673470 0.9673
704348 0.9678
736642 0.9684
754877 0.9688
773563 0.9691
792711 0.9695
812333 0.9699
832442 0.9703
853048 0.9706
874164 0.9710
895802 0.9714
917977 0.9717
940700 0.9721
1002039 0.9730
1067379 0.9740
1136978 0.9749
1211116 0.9758
1290088 0.9768
1374210 0.9777
1463817 0.9786
1559267 0.9795
1660940 0.9805
1769244 0.9814
1805665 0.9820
1842837 0.9825
1880773 0.9831
1919490 0.9836
1959005 0.9842
1999332 0.9848
2040490 0.9853
2082496 0.9859
2125366 0.9864
2169118 0.9870
2527289 0.9883
2944602 0.9896
3430822 0.9909
3997329 0.9922
4657379 0.9935
5426418 0.9948
6322443 0.9961
7366423 0.9974
8582787 0.9987
10000000 1.0000