NodeID	PortID	AverageQueueLength	SampleCount
0	1	223420.216490	43905
0	2	193322.096504	43905
0	3	21910.660768	43905
0	4	24805.678078	43905
0	5	11702.050632	43905
0	6	5782.496367	43905
0	7	456.512971	43905
0	8	1178.083527	43854
0	9	251.200296	43905
1	1	129628.525908	43905
1	2	209650.264457	43905
1	3	34385.595991	43905
1	4	50403.759526	43905
1	5	33938.825783	43905
1	6	1198.561500	43854
1	7	1216.320852	43905
1	8	785.401070	43905
1	9	4175.906363	43754
2	1	191156.080743	43905
2	2	169422.448491	43905
2	3	25568.931602	43905
2	4	21580.252113	43905
2	5	20245.694363	43905
2	6	1766.071359	43905
2	7	1347.844414	43905
2	8	1695.364961	43854
2	9	2951.409133	43905
3	1	199187.264093	43905
3	2	164647.655643	43905
3	3	28255.039221	43905
3	4	39402.666735	43905
3	5	29117.967498	43905
3	6	1642.579387	43905
3	7	1095.737023	43905
3	8	3152.567134	43905
3	9	1622.845849	43905
4	1	158672.887530	43905
4	2	133479.305523	43905
4	3	46984.884592	43905
4	4	44220.418631	43905
4	5	37760.866963	43905
4	6	753.093839	43905
4	7	1348.266749	43854
4	8	2911.607913	43804
4	9	5799.232704	43854
5	1	179317.233777	43905
5	2	157476.299829	43905
5	3	24781.789523	43905
5	4	27894.782348	43905
5	5	13856.771211	43905
5	6	9585.966314	43905
5	7	975.451452	43905
5	8	463.957062	43854
5	9	2278.586015	43905
6	1	170193.354197	43905
6	2	164216.503132	43905
6	3	24368.574103	43905
6	4	29110.800752	43905
6	5	27143.087940	43905
6	6	4617.900604	43905
6	7	1412.176859	43905
6	8	5872.594875	43905
6	9	1078.931898	43905
7	1	165848.755381	43905
7	2	159923.170801	43905
7	3	42664.930851	43905
7	4	44657.913245	43905
7	5	36637.046077	43905
7	6	690.014525	43854
7	7	6743.451270	43905
7	8	2197.092534	43854
7	9	368.910716	43804
8	1	90007.502038	43905
8	2	181931.993190	43905
8	3	17430.492017	43905
8	4	20343.684091	43905
8	5	10425.448446	43905
8	6	831.499384	43854
8	7	546.388225	43905
8	8	783.794055	43905
8	9	1199.629954	43854
9	1	147980.712561	43905
9	2	150685.386402	43905
9	3	29282.915477	43905
9	4	22892.400364	43905
9	5	13442.620294	43905
9	6	1319.736522	43905
9	7	3147.749186	43905
9	8	3718.288623	43905
9	9	1686.270466	43854
10	1	165769.222845	43905
10	2	114802.601367	43905
10	3	15295.878875	43905
10	4	19262.323904	43905
10	5	17037.091903	43905
10	6	428.490582	43905
10	7	3580.589296	43854
10	8	585.642250	43905
10	9	2460.554288	43905
11	1	152901.925680	43905
11	2	191870.700672	43905
11	3	27852.110671	43905
11	4	35311.214691	43905
11	5	31843.831841	43905
11	6	2054.708396	43854
11	7	134.092129	43754
11	8	1126.540599	43905
11	9	4096.826899	43905
12	1	259718.729780	43905
12	2	250058.663091	43905
12	3	27088.572554	43905
12	4	19261.608541	43905
12	5	17068.069058	43905
12	6	1086.950884	43754
12	7	3548.557112	43905
12	8	909.843116	43905
12	9	4307.202984	43905
13	1	242904.000046	43905
13	2	251926.025555	43905
13	3	25789.523152	43905
13	4	17625.707528	43905
13	5	24284.343993	43905
13	6	1238.213256	43905
13	7	663.275413	43905
13	8	2224.691857	43905
13	9	1078.564788	43905
14	1	235301.120966	43905
14	2	209139.546043	43905
14	3	20246.056622	43905
14	4	22677.400182	43905
14	5	29309.628471	43905
14	6	733.816664	43854
14	7	2257.715191	43854
14	8	2272.015141	43854
14	9	882.281297	43854
15	1	273214.129507	43905
15	2	254555.675094	43905
15	3	20936.572372	43905
15	4	25595.135042	43905
15	5	18880.831864	43905
15	6	192.169525	43905
15	7	1040.125658	43905
15	8	226.038652	43905
15	9	3511.678228	43854
16	1	187744.401959	43905
16	2	178696.239380	43905
16	3	37045.958274	43905
16	4	48283.122310	43905
16	5	36958.460153	43905
16	6	2405.105956	43905
16	7	569.088737	43905
16	8	2374.066402	43854
16	9	1290.790532	43854
17	1	211700.670721	43905
17	2	158789.305683	43905
17	3	17986.429017	43905
17	4	32265.015397	43905
17	5	40433.501811	43905
17	6	1767.988498	43905
17	7	355.029632	43905
17	8	4944.729211	43905
17	9	6255.098942	43854
18	1	162737.340850	43905
18	2	246328.257123	43905
18	3	14347.547409	43905
18	4	22594.357385	43905
18	5	29640.851862	43905
18	6	33638.480196	43905
18	7	320.698521	43804
18	8	7953.679057	43905
18	9	1407.551577	43905
19	1	196788.891994	43905
19	2	116472.562669	43905
19	3	14493.233732	43905
19	4	27567.547045	43905
19	5	23101.138845	43905
19	6	2464.779273	43905
19	7	103.265232	43905
19	8	2494.004264	43854
19	9	6497.894318	43754
20	1	154924.951737	43905
20	2	197358.285070	43905
20	3	41373.805990	43905
20	4	16106.009862	43905
20	5	20303.452363	43905
20	6	1698.694988	43854
20	7	6925.177679	43905
20	8	769.838310	43905
20	9	1901.717094	43905
21	1	163493.758524	43905
21	2	153481.144266	43905
21	3	21876.848218	43905
21	4	19101.958615	43905
21	5	22252.734563	43905
21	6	2211.179729	43905
21	7	1024.753234	43754
21	8	7596.912880	43905
21	9	3505.837923	43905
22	1	233999.547910	43905
22	2	195621.592734	43905
22	3	41937.393281	43905
22	4	22201.105455	43905
22	5	22941.394465	43905
22	6	1994.070621	43854
22	7	602.179456	43905
22	8	1354.534222	43905
22	9	1155.220522	43905
23	1	144188.720351	43905
23	2	181030.502426	43905
23	3	30216.907027	43905
23	4	38503.807562	43905
23	5	28483.149755	43905
23	6	1458.253684	43905
23	7	3991.903132	43905
23	8	3889.207516	43905
23	9	5313.471154	43905
24	1	194175.132354	43905
24	2	164354.238378	43905
24	3	9196.387837	43905
24	4	32662.367179	43905
24	5	15885.141966	43905
24	6	620.021979	43905
24	7	2168.114998	43905
24	8	3797.536750	43905
24	9	5499.427053	43854
25	1	193107.093178	43905
25	2	249120.385059	43905
25	3	34397.461178	43905
25	4	35977.643366	43905
25	5	22682.692040	43905
25	6	569.544397	43854
25	7	4448.062772	43905
25	8	315.877571	43854
25	9	99.218699	43905
26	1	168841.759048	43905
26	2	125474.958387	43905
26	3	20093.422617	43905
26	4	7818.951805	43905
26	5	14801.864913	43905
26	6	944.014213	43905
26	7	7552.014092	43854
26	8	2180.804145	43905
26	9	3782.475413	43905
27	1	217119.663524	43905
27	2	186111.615032	43905
27	3	42003.985446	43905
27	4	31871.233413	43905
27	5	55707.061952	43905
27	6	1531.372053	43905
27	7	1960.050154	43905
27	8	444.194055	43905
27	9	1332.147444	43854
28	1	140499.741988	43905
28	2	146469.042774	43905
28	3	41318.715408	43905
28	4	36090.585264	43905
28	5	37809.381847	43905
28	6	341.308279	43905
28	7	3004.703724	43905
28	8	1029.012200	43854
28	9	668.375017	43854
29	1	191522.343628	43905
29	2	159761.392848	43905
29	3	33432.658080	43905
29	4	28516.167999	43905
29	5	35256.971461	43905
29	6	2303.414714	43905
29	7	796.280651	43905
29	8	2019.819975	43905
29	9	2925.545156	43804
30	1	111902.610842	43905
30	2	174004.708211	43905
30	3	15891.033163	43905
30	4	17829.622480	43905
30	5	15915.036442	43905
30	6	1917.892826	43854
30	7	297.627036	43704
30	8	908.847876	43905
30	9	837.617335	43704
31	1	145145.992324	43905
31	2	140588.436898	43905
31	3	20774.535474	43905
31	4	13685.190548	43905
31	5	27719.290924	43905
31	6	1075.489808	43905
31	7	1751.629954	43854
31	8	557.791194	43854
31	9	36700.435645	43905
32	1	196395.736522	43905
32	2	256096.385787	43905
32	3	20977.530987	43905
32	4	25645.226762	43905
32	5	36971.259902	43905
32	6	523.458877	43905
32	7	2390.666667	43854
32	8	6482.881995	43854
32	9	2588.806836	43854
33	1	244338.635600	43905
33	2	173252.399841	43905
33	3	42866.180162	43905
33	4	54886.158615	43905
33	5	41703.083886	43905
33	6	23854.008997	43905
33	7	1184.948762	43854
33	8	2857.836579	43905
33	9	2104.533840	43854
34	1	220921.702084	43905
34	2	210886.478419	43905
34	3	20730.079194	43905
34	4	17668.357294	43905
34	5	27154.537775	43905
34	6	1392.645029	43905
34	7	1020.129042	43854
34	8	4446.438629	43905
34	9	2797.267874	43905
35	1	210270.431910	43905
35	2	208495.780230	43905
35	3	18194.666598	43905
35	4	13901.305409	43905
35	5	16592.488077	43905
35	6	1539.740918	43905
35	7	1578.431955	43905
35	8	396.268413	43854
35	9	1360.880627	43854
