NodeID	PortID	AverageQueueLength	SampleCount
0	1	242.037461	121992
0	2	174.581519	121941
0	3	518.483868	121992
0	4	328.954929	121941
0	5	1459.271452	121992
0	6	414.267941	121941
0	7	402.259757	121941
0	8	534.765756	121941
1	1	214.288484	121941
1	2	581.443644	121841
1	3	1026.180300	121941
1	4	669.468826	121992
1	5	1145.448240	121841
1	6	953.131050	121992
1	7	564.665937	121941
1	8	188.144449	121891
2	1	240.935061	121992
2	2	374.823521	121941
2	3	155.735913	121941
2	4	500.977383	121941
2	5	433.735720	121992
2	6	273.726892	121992
2	7	229.976144	121941
2	8	392.047642	121992
3	1	233.981720	121992
3	2	471.632724	121941
3	3	377.246811	121891
3	4	907.697304	121941
3	5	595.093020	121941
3	6	363.426135	121992
3	7	345.061070	121992
3	8	142.272436	121992
4	1	454.310184	121992
4	2	517.846998	121992
4	3	316.443800	121992
4	4	821.068816	121992
4	5	191.859433	121992
4	6	287.365967	121992
4	7	737.077489	121992
4	8	275.237794	121992
5	1	711.421151	121992
5	2	343.345744	121992
5	3	515.695037	121992
5	4	388.402953	121992
5	5	238.354720	121992
5	6	347.907018	121992
5	7	177.324218	121992
5	8	175.307403	121941
6	1	447.047405	121992
6	2	467.936807	121992
6	3	252.683283	121992
6	4	184.353950	121941
6	5	381.698259	121992
6	6	148.663535	121992
6	7	590.042175	121992
6	8	661.498659	121941
7	1	619.727043	121891
7	2	294.722695	121992
7	3	306.064170	121941
7	4	198.939185	121992
7	5	895.399125	121992
7	6	1198.733704	121992
7	7	203.528756	121992
7	8	1064.248287	121992
8	1	543.434546	121941
8	2	427.467998	121992
8	3	1.986056	121992
9	1	357.656760	121941
9	2	990.524008	121941
9	3	13.446609	121941
10	1	518.821800	121992
10	2	358.869814	121941
10	3	0.364467	121992
11	1	631.724728	121992
11	2	324.995598	121992
11	3	0.708145	121992
12	1	297.079169	121992
12	2	768.772706	121992
12	3	16.329208	121941
13	1	309.165019	121992
13	2	582.722285	121992
13	3	10.178184	121992
14	1	912.026510	121992
14	2	671.658953	121992
14	3	0.524034	121992
15	1	324.242032	121992
15	2	680.211334	121992
15	3	0.451890	121992
16	1	644.241125	121941
16	2	292.468449	121992
16	3	0.258871	121941
17	1	477.848537	121891
17	2	360.739087	121941
17	3	0.581970	121941
18	1	627.552283	121941
18	2	214.517775	121941
18	3	7.348144	121941
19	1	362.570996	121992
19	2	465.858350	121941
19	3	2.741475	121992
20	1	591.541757	121992
20	2	1394.179275	121891
20	3	4.989368	121992
21	1	278.135329	121992
21	2	953.060176	121992
21	3	4.400920	121992
22	1	606.987163	121992
22	2	1728.499393	121992
22	3	0.440135	121992
23	1	481.193537	121992
23	2	894.152141	121992
23	3	0.318800	121992
24	1	1120.649985	121992
24	2	374.025534	121992
24	3	0.584169	121992
25	1	391.813742	121992
25	2	712.126299	121941
25	3	0.430413	121992
26	1	282.950066	121941
26	2	367.295233	121941
26	3	0.696886	121941
27	1	659.241639	121992
27	2	1186.854239	121891
27	3	5.349662	121992
28	1	506.618713	121992
28	2	355.784560	121992
28	3	6.462929	121941
29	1	295.560496	121992
29	2	634.458464	121992
29	3	0.269042	121992
30	1	1131.933463	121992
30	2	1243.658961	121992
30	3	0.781279	121941
31	1	662.428535	121941
31	2	583.814058	121941
31	3	0.279791	121941
32	1	561.737040	121992
32	2	587.906658	121992
32	3	2.121319	121992
33	1	841.924344	121841
33	2	330.931651	121992
33	3	1.606466	121992
34	1	1023.069931	121992
34	2	402.652884	121841
34	3	2.088420	121941
35	1	589.874289	121891
35	2	824.038437	121941
35	3	0.329938	121941
36	1	356.362483	121992
36	2	1324.793363	121992
36	3	5.145846	121992
37	1	587.000180	121992
37	2	978.017255	121992
37	3	5.866704	121992
38	1	795.276502	121992
38	2	533.673375	121941
38	3	10.266952	121992
39	1	263.471433	121992
39	2	278.622820	121992
39	3	0.646510	121992
40	1	348.597908	121992
40	2	658.567414	121992
40	3	6.651125	121992
41	1	592.163371	121992
41	2	830.843426	121891
41	3	0.641450	121891
42	1	747.459243	121992
42	2	349.478810	121992
42	3	9.004590	121992
43	1	436.948984	121941
43	2	390.712186	121992
43	3	0.397305	121992
44	1	426.066294	121941
44	2	388.570775	121992
44	3	10.044355	121992
45	1	378.049675	121992
45	2	308.972121	121992
45	3	0.257830	121941
46	1	781.926421	121992
46	2	820.383222	121992
46	3	5.851728	121992
47	1	506.951755	121941
47	2	546.883337	121992
47	3	0.346244	121992
48	1	851.614311	121992
48	2	384.506540	121941
48	3	2.813582	121941
49	1	447.776272	121992
49	2	293.925856	121992
49	3	2.516896	121891
50	1	503.687840	121992
50	2	625.245328	121992
50	3	0.439307	121992
51	1	873.949869	121941
51	2	610.938463	121992
51	3	0.397141	121992
52	1	673.264575	121992
52	2	363.124697	121992
52	3	9.105335	121992
53	1	674.886747	121992
53	2	775.010681	121992
53	3	12.576825	121992
54	1	498.045388	121992
54	2	732.835178	121992
54	3	0.637624	121992
55	1	362.635017	121992
55	2	375.975621	121992
55	3	10.547987	121992
56	1	728.773379	121992
56	2	565.912404	121992
56	3	0.344318	121992
57	1	1200.040085	121941
57	2	395.923914	121941
57	3	9.213111	121941
58	1	371.453949	121941
58	2	695.227528	121941
58	3	0.357698	121941
59	1	621.973884	121992
59	2	671.994336	121992
59	3	0.604760	121941
60	1	669.617024	121992
60	2	350.597342	121992
60	3	0.578267	121992
61	1	687.784896	121992
61	2	346.298667	121992
61	3	3.120803	121992
62	1	542.611565	121992
62	2	329.935012	121992
62	3	5.439463	121992
63	1	1005.398928	121992
63	2	349.450308	121992
63	3	0.420946	121992
64	1	334.748485	121941
64	2	572.094021	121941
64	3	8.219540	121891
65	1	245.597322	121941
65	2	695.775236	121941
65	3	0.543886	121941
66	1	624.869582	121992
66	2	507.413994	121992
66	3	0.561657	121941
67	1	222.601851	121992
67	2	433.607302	121992
67	3	2.587219	121992
68	1	851.553348	121992
68	2	696.333145	121992
68	3	0.927208	121992
69	1	505.372259	121891
69	2	358.588326	121941
69	3	12.868264	121941
70	1	493.754888	121891
70	2	652.111778	121992
70	3	16.900059	121992
71	1	921.588047	121941
71	2	1351.382787	121992
71	3	9.182979	121992
72	1	299.515963	121941
72	2	932.380454	121941
72	3	1015.680632	121941
72	4	294.387614	121941
72	5	470.923020	121992
72	6	292.006132	121992
72	7	277.714252	121992
72	8	303.279149	121992
73	1	177.874046	121941
73	2	217.132515	121941
73	3	197.058724	121841
73	4	301.644600	121992
73	5	1103.987945	121941
73	6	346.562693	121992
73	7	234.894337	121992
73	8	304.341178	121992
74	1	299.157674	121891
74	2	156.537347	121992
74	3	266.996702	121891
74	4	594.193693	121992
74	5	807.325530	121992
74	6	283.661806	121992
74	7	438.039380	121992
74	8	450.060447	121941
75	1	863.950948	121992
75	2	569.832489	121992
75	3	508.553266	121992
75	4	432.290263	121941
75	5	224.042036	121992
75	6	192.769419	121992
75	7	731.276616	121992
75	8	648.910018	121891
76	1	694.204612	121992
76	2	172.313029	121992
76	3	852.669077	121992
76	4	73.670610	121992
76	5	527.694697	121941
76	6	275.453661	121992
76	7	282.415396	121992
76	8	688.811570	121992
77	1	323.687102	121992
77	2	668.286765	121992
77	3	201.506040	121941
77	4	156.604695	121992
77	5	176.445882	121992
77	6	424.236212	121992
77	7	166.760107	121992
77	8	940.821472	121992
78	1	316.820841	121992
78	2	292.564420	121941
78	3	170.070805	121941
78	4	264.260763	121992
78	5	314.814103	121992
78	6	411.428225	121992
78	7	377.572185	121992
78	8	489.541347	121992
79	1	323.651118	121941
79	2	774.658220	121941
79	3	390.865975	121992
79	4	132.404018	121992
79	5	550.000541	121992
79	6	517.114900	121941
79	7	719.147321	121992
79	8	209.609869	121941
