NodeID	PortID	AverageQueueLength	SampleCount
0	1	57058.020420	30803
0	2	71969.232023	30803
0	3	78922.989774	30803
0	4	56026.831250	30803
0	5	79195.194040	30803
0	6	6123.083953	30803
0	7	64177.017628	30803
0	8	67280.804532	30803
1	1	7802.326624	30803
1	2	214896.490861	30803
1	3	4552.633997	30803
1	4	46144.118949	30803
1	5	15540.495406	30803
1	6	12192.663344	30803
1	7	25010.165211	30803
1	8	53877.166153	30803
2	1	5525.871863	30803
2	2	25854.015161	30803
2	3	135064.499594	30803
2	4	142832.982274	30803
2	5	11736.779924	30803
2	6	64871.926631	30803
2	7	30437.548161	30803
2	8	127639.419245	30803
3	1	21147.810992	30803
3	2	11760.612603	30803
3	3	53738.771938	30803
3	4	77651.213064	30803
3	5	8797.139142	30803
3	6	195947.374899	30803
3	7	6544.842191	30803
3	8	87778.803915	30803
4	1	156683.634873	30803
4	2	216055.537350	30803
4	3	169213.382495	30803
4	4	179958.162549	30803
4	5	183071.894264	30803
4	6	230742.013830	30803
4	7	45834.486901	30803
4	8	472484.091647	30803
5	1	86192.716002	30803
5	2	271084.778236	30803
5	3	42247.230497	30803
5	4	47160.289095	30803
5	5	18598.304191	30803
5	6	22123.760413	30803
5	7	84967.942376	30803
5	8	64785.761582	30803
6	1	76155.828166	30803
6	2	22016.980197	30803
6	3	86519.896504	30803
6	4	70339.645197	30803
6	5	23296.235269	30803
6	6	90878.529981	30803
6	7	24782.501834	30803
6	8	111814.803396	30803
7	1	36906.722592	30803
7	2	187368.503587	30803
7	3	41215.901243	30803
7	4	17347.315781	30803
7	5	95636.360777	30803
7	6	42282.732461	30803
7	7	124434.060351	30803
7	8	260137.047982	30803
8	1	21556.442035	30803
8	2	1062815.449339	30803
8	3	41.236308	30803
9	1	24686.272636	30803
9	2	809870.143298	30803
9	3	27.523163	30652
10	1	24174.336591	30803
10	2	1046280.932442	30803
10	3	13.733871	30752
11	1	36626.135052	30803
11	2	1234157.770022	30803
11	3	25.708502	30803
12	1	57334.365809	30803
12	2	1697767.611661	30803
12	3	22.978151	30803
13	1	4090.818719	30803
13	2	1044584.454501	30803
13	3	40.869201	30803
14	1	57428.253417	30803
14	2	1659051.584618	30803
14	3	44.311983	30803
15	1	66645.125507	30803
15	2	1805930.050385	30803
15	3	31.595169	30803
16	1	193851.269876	30803
16	2	1430228.144824	30803
16	3	35.321105	30803
17	1	438.049833	30803
17	2	742248.947927	30803
17	3	60.816739	30803
18	1	46005.602311	30803
18	2	1176267.903418	30803
18	3	23.098530	30752
19	1	20051.623576	30803
19	2	1179242.747135	30803
19	3	25.745317	30752
20	1	28413.972178	30803
20	2	1614722.535662	30803
20	3	32.104730	30803
21	1	18327.067948	30803
21	2	1477915.860728	30803
21	3	48.631926	30752
22	1	1999.604065	30803
22	2	1334446.446742	30803
22	3	31.860760	30803
23	1	40377.742915	30803
23	2	1983572.482908	30803
23	3	39.486641	30803
24	1	40688.160179	30803
24	2	873996.599097	30803
24	3	30.386446	30752
25	1	175396.957861	30803
25	2	1405709.253319	30803
25	3	13.404928	30803
26	1	17023.884719	30803
26	2	1190998.457975	30803
26	3	42.780151	30803
27	1	28653.302665	30803
27	2	881410.844463	30803
27	3	20.361472	30752
28	1	71555.084375	30803
28	2	1990672.156348	30803
28	3	35.275884	30752
29	1	39901.362302	30803
29	2	1623673.938675	30803
29	3	24.927442	30803
30	1	6623.024998	30803
30	2	828089.743239	30803
30	3	45.057651	30702
31	1	22846.965945	30803
31	2	1835829.032399	30803
31	3	25.172159	30803
32	1	100681.632925	30803
32	2	1179087.579229	30803
32	3	62.008162	30752
33	1	13488.112619	30803
33	2	1083421.502289	30803
33	3	33.959582	30803
34	1	17726.539168	30803
34	2	1170605.548096	30803
34	3	33.723595	30752
35	1	11020.944843	30803
35	2	925049.817550	30803
35	3	26.281933	30752
36	1	45761.510405	30803
36	2	2067213.323897	30803
36	3	24.112936	30752
37	1	51297.099309	30803
37	2	1306972.643379	30803
37	3	25.244814	30803
38	1	103770.325001	30803
38	2	1470788.395838	30803
38	3	31.366480	30752
39	1	46306.415576	30803
39	2	2128717.811512	30803
39	3	20.821868	30803
40	1	16674.138363	30803
40	2	419328.978963	30803
40	3	19.767166	30803
41	1	83509.178164	30803
41	2	1000241.839204	30803
41	3	25.231614	30702
42	1	4227.461676	30803
42	2	886169.395124	30803
42	3	15.730817	30652
43	1	6408.285946	30803
43	2	935787.348797	30803
43	3	16.527218	30752
44	1	66063.738305	30803
44	2	1797761.402785	30803
44	3	41.281434	30803
45	1	115398.763205	30803
45	2	1406746.048826	30803
45	3	16.638801	30803
46	1	93787.259033	30803
46	2	1317643.636107	30803
46	3	27.013992	30803
47	1	9230.094439	30803
47	2	1857284.926598	30803
47	3	53.325975	30803
48	1	19633.835958	30803
48	2	1299245.125735	30803
48	3	19.668474	30803
49	1	4128.474207	30803
49	2	753435.298835	30803
49	3	19.034344	30602
50	1	34122.895660	30803
50	2	1194040.372042	30803
50	3	22.289883	30702
51	1	760.950654	30803
51	2	728085.558387	30803
51	3	71.623868	30803
52	1	143915.429666	30803
52	2	1925021.651170	30803
52	3	24.737785	30803
53	1	28879.236568	30803
53	2	1348745.526507	30803
53	3	22.974873	30803
54	1	83025.537805	30803
54	2	1868427.342986	30803
54	3	24.068695	30803
55	1	120368.542545	30803
55	2	2204262.297211	30803
55	3	9.601175	30803
56	1	18806.020615	30803
56	2	1274727.418661	30803
56	3	29.836802	30803
57	1	47715.464078	30803
57	2	899786.714443	30803
57	3	38.560270	30803
58	1	74184.495439	30803
58	2	1132505.489855	30803
58	3	26.559671	30752
59	1	24011.567769	30803
59	2	982851.259423	30803
59	3	19.265422	30702
60	1	21198.148492	30803
60	2	1066482.217511	30803
60	3	24.743496	30752
61	1	54496.887121	30803
61	2	1702016.361523	30803
61	3	22.493264	30803
62	1	30999.872025	30803
62	2	1132823.652566	30803
62	3	18.348408	30803
63	1	13615.804240	30803
63	2	1556786.611109	30803
63	3	43.420349	30803
64	1	13135.744213	30803
64	2	807554.188099	30803
64	3	24.587735	30803
65	1	44800.845827	30803
65	2	1291295.632601	30803
65	3	35.057852	30803
66	1	54624.602701	30803
66	2	1356638.350193	30803
66	3	55.331104	30803
67	1	49884.683310	30803
67	2	1274608.597247	30803
67	3	20.413241	30752
68	1	8350.866247	30803
68	2	1491540.224394	30803
68	3	58.078499	30803
69	1	2656.230432	30803
69	2	1560425.090348	30803
69	3	27.626400	30803
70	1	9236.187514	30803
70	2	1373183.544947	30803
70	3	33.239692	30752
71	1	57011.901828	30803
71	2	1746674.170503	30803
71	3	43.289063	30803
72	1	561231.549752	30803
72	2	399627.269227	30803
72	3	55258.311528	30803
72	4	386318.180015	30803
72	5	1287081.260754	30803
72	6	1287765.217154	30803
72	7	591711.290004	30803
72	8	691223.310424	30803
73	1	371874.376814	30803
73	2	752796.997663	30803
73	3	153939.661332	30803
73	4	348539.566990	30803
73	5	1640821.288284	30803
73	6	1456673.535630	30803
73	7	148648.061812	30803
73	8	780535.607116	30803
74	1	632901.652664	30803
74	2	186604.192968	30803
74	3	648546.984417	30803
74	4	463632.848164	30803
74	5	1871876.180891	30803
74	6	492532.110671	30803
74	7	505662.611337	30803
74	8	586216.963348	30803
75	1	738726.868130	30803
75	2	271677.915722	30803
75	3	139450.382852	30803
75	4	453976.715450	30803
75	5	1627996.241600	30803
75	6	848648.256566	30803
75	7	301233.796156	30803
75	8	803162.510243	30803
76	1	351545.279843	30803
76	2	390599.898094	30803
76	3	105534.056066	30803
76	4	277698.460864	30803
76	5	1784587.173035	30803
76	6	418743.811772	30803
76	7	448852.654709	30803
76	8	1378388.034769	30803
77	1	345307.409278	30803
77	2	326195.420186	30803
77	3	136702.444080	30803
77	4	1204549.973379	30803
77	5	1818548.855566	30803
77	6	768727.629322	30803
77	7	324115.836445	30803
77	8	131665.777229	30803
78	1	220966.336201	30803
78	2	653466.011914	30803
78	3	178968.605298	30803
78	4	364424.162062	30803
78	5	1093903.801805	30803
78	6	646749.012564	30803
78	7	409753.677889	30803
78	8	1396017.552609	30803
79	1	272901.182093	30803
79	2	361612.397851	30803
79	3	317682.835406	30803
79	4	216310.434406	30803
79	5	2420899.423692	30803
79	6	555703.847385	30803
79	7	245049.660423	30803
79	8	995608.884232	30803
