NodeID	PortID	AverageQueueLength	SampleCount
0	1	1863.210684	51608
0	2	1427.711304	51608
0	3	961.152166	51608
0	4	7646.507479	51608
0	5	24599.126918	51608
0	6	2459.072876	51608
0	7	2708.450667	51608
0	8	12060.951228	51608
1	1	6080.213068	51608
1	2	936.597000	51608
1	3	1513.172706	51608
1	4	1338.437529	51608
1	5	10744.102814	51608
1	6	12626.120892	51608
1	7	5438.359518	51608
1	8	10053.793230	51608
2	1	3257.792435	51608
2	2	2563.077701	51608
2	3	1029.930767	51608
2	4	6960.163831	51608
2	5	23852.391199	51608
2	6	3013.152941	51608
2	7	1466.706150	51608
2	8	10770.890250	51608
3	1	4113.244245	51608
3	2	2853.963145	51608
3	3	6075.641277	51608
3	4	1894.657107	51608
3	5	5692.304953	51608
3	6	19063.649240	51608
3	7	3021.809681	51608
3	8	8236.976690	51608
4	1	17059.643660	51608
4	2	15592.472097	51608
4	3	6002.582894	51608
4	4	2122.400539	51608
4	5	21984.314428	51608
4	6	2463.483859	51608
4	7	1691.955898	51608
4	8	2369.091052	51608
5	1	15550.459851	51608
5	2	3167.685359	51608
5	3	1033.374128	51608
5	4	1614.902438	51608
5	5	3225.521935	51608
5	6	6939.661312	51608
5	7	1814.971826	51608
5	8	21914.661913	51608
6	1	1409.694737	51608
6	2	5662.190978	51608
6	3	2840.782747	51608
6	4	4630.574078	51608
6	5	6171.093144	51608
6	6	1491.900500	51608
6	7	4706.623140	51608
6	8	32074.621997	51608
7	1	665.147477	51608
7	2	2906.668753	51608
7	3	1770.640540	51608
7	4	1895.643253	51608
7	5	6516.784646	51608
7	6	40762.821462	51608
7	7	1506.924004	51608
7	8	10687.933809	51608
8	1	1215.131414	51608
8	2	15084.922008	51608
8	3	29.579523	51608
9	1	2625.495446	51608
9	2	18282.857018	51608
9	3	16.954381	51557
10	1	7517.405964	51608
10	2	20725.716556	51608
10	3	7.899395	51608
11	1	5836.183537	51608
11	2	16885.440474	51608
11	3	13.425903	51608
12	1	530.982910	51608
12	2	17213.998896	51608
12	3	97.000524	51557
13	1	1226.949736	51608
13	2	25849.556561	51608
13	3	54.817218	51608
14	1	15933.811502	51608
14	2	25985.162126	51608
14	3	5.386239	51608
15	1	4336.638641	51608
15	2	37006.762362	51608
15	3	2.591439	51608
16	1	7813.908716	51608
16	2	15081.383545	51608
16	3	5.003142	51557
17	1	4054.621047	51608
17	2	22210.061657	51608
17	3	1.813255	51557
18	1	1031.496977	51608
18	2	10855.232522	51608
18	3	18.748065	51557
19	1	2497.123430	51608
19	2	35156.695784	51608
19	3	22.314912	51608
20	1	3398.205220	51608
20	2	21690.364246	51608
20	3	36.027263	51608
21	1	1268.329678	51608
21	2	26046.500155	51608
21	3	24.987579	51608
22	1	1308.089928	51608
22	2	19349.648310	51608
22	3	42.116571	51608
23	1	1257.881491	51608
23	2	33374.831925	51608
23	3	2.256162	51608
24	1	25210.526953	51608
24	2	48482.691133	51608
24	3	12.499147	51608
25	1	9031.552666	51608
25	2	75721.552763	51608
25	3	8.833514	51608
26	1	7265.710122	51608
26	2	43167.797725	51608
26	3	22.145858	51557
27	1	3599.961769	51608
27	2	19042.581576	51608
27	3	10.162107	51608
28	1	2525.505697	51608
28	2	18066.688653	51608
28	3	31.724965	51557
29	1	2662.598008	51608
29	2	13087.280751	51608
29	3	9.361494	51608
30	1	14776.300128	51608
30	2	43134.356069	51608
30	3	22.677716	51557
31	1	4818.161603	51608
31	2	49848.981805	51608
31	3	1.361910	51557
32	1	1342.595722	51608
32	2	19919.639959	51608
32	3	16.239420	51608
33	1	10315.633565	51608
33	2	29746.189254	51608
33	3	13.959115	51608
34	1	2942.437587	51608
34	2	10462.591226	51608
34	3	30.627713	51557
35	1	4457.582545	51608
35	2	26911.581596	51608
35	3	4.858157	51557
36	1	3193.576306	51608
36	2	14688.741765	51608
36	3	24.364265	51608
37	1	17170.478337	51608
37	2	35578.315746	51608
37	3	6.010851	51608
38	1	12384.197489	51608
38	2	36219.254127	51608
38	3	21.938440	51608
39	1	13593.948244	51608
39	2	28479.331053	51608
39	3	12.935514	51608
40	1	1572.019842	51608
40	2	10656.013041	51608
40	3	48.966711	51608
41	1	5558.786177	51608
41	2	54862.220935	51608
41	3	46.465160	51507
42	1	3190.829949	51608
42	2	8996.731708	51608
42	3	74.171311	51608
43	1	7083.590780	51608
43	2	34932.209309	51608
43	3	5.401643	51608
44	1	11350.324930	51608
44	2	21066.079774	51608
44	3	81.616532	51608
45	1	14962.508293	51608
45	2	32573.240525	51608
45	3	1.971721	51557
46	1	6922.376511	51608
46	2	43823.166757	51608
46	3	37.996977	51608
47	1	1566.509979	51608
47	2	28327.070880	51608
47	3	7.055941	51608
48	1	3565.395404	51608
48	2	40074.940126	51608
48	3	20.085439	51557
49	1	2331.659626	51608
49	2	42767.895346	51608
49	3	14.266954	51507
50	1	4972.120175	51608
50	2	26124.817761	51608
50	3	10.665071	51608
51	1	4648.090005	51608
51	2	50325.000504	51608
51	3	11.952701	51608
52	1	10101.843222	51608
52	2	61827.680883	51608
52	3	36.975043	51608
53	1	4545.149531	51608
53	2	44382.221594	51608
53	3	34.968532	51608
54	1	11135.940668	51608
54	2	66356.745911	51608
54	3	42.507460	51608
55	1	1101.465354	51608
55	2	12033.542280	51608
55	3	52.980778	51608
56	1	4196.327759	51608
56	2	17345.782844	51608
56	3	20.292532	51608
57	1	3380.897962	51608
57	2	38387.922357	51608
57	3	51.418249	51608
58	1	5665.721284	51608
58	2	8329.737870	51608
58	3	4.073530	51557
59	1	3427.955026	51608
59	2	31721.029705	51608
59	3	26.715053	51557
60	1	33719.298481	51608
60	2	54388.671853	51608
60	3	3.230236	51608
61	1	1920.016025	51608
61	2	10973.622093	51608
61	3	13.541215	51608
62	1	2315.781565	51608
62	2	17704.130968	51608
62	3	23.434196	51608
63	1	7348.776721	51608
63	2	35494.740195	51608
63	3	20.025481	51608
64	1	1454.119303	51608
64	2	16350.282030	51608
64	3	25.424700	51507
65	1	1787.377480	51608
65	2	36575.121803	51608
65	3	14.798068	51557
66	1	1547.397051	51608
66	2	16296.177841	51608
66	3	14.350874	51557
67	1	1062.408348	51608
67	2	24885.221555	51608
67	3	13.242734	51608
68	1	5194.457313	51608
68	2	42388.673713	51608
68	3	2.889571	51608
69	1	933.431251	51608
69	2	10104.223279	51608
69	3	57.849157	51557
70	1	1825.697082	51608
70	2	19159.337138	51608
70	3	88.856921	51608
71	1	7775.253062	51608
71	2	94861.142265	51608
71	3	46.135929	51608
72	1	38713.823148	51608
72	2	25439.750039	51608
72	3	43471.167067	51608
72	4	26598.522419	51608
72	5	91478.868141	51608
72	6	49503.898349	51608
72	7	12420.524163	51608
72	8	4440.735894	51608
73	1	12222.000310	51608
73	2	6624.556483	51608
73	3	39370.797338	51608
73	4	34378.292881	51608
73	5	62262.604557	51608
73	6	56870.428616	51608
73	7	60293.711905	51608
73	8	4352.587506	51608
74	1	15134.830646	51608
74	2	24294.609479	51608
74	3	39963.980681	51608
74	4	37117.887653	51608
74	5	36514.769512	51608
74	6	23729.006588	51608
74	7	48125.803829	51608
74	8	8067.845043	51608
75	1	30627.141102	51608
75	2	15046.379515	51608
75	3	41822.057646	51608
75	4	13857.587680	51608
75	5	64101.529627	51608
75	6	26824.461053	51608
75	7	26987.396256	51608
75	8	13535.113103	51608
76	1	64055.628120	51608
76	2	51076.396470	51608
76	3	78952.947993	51608
76	4	5704.804391	51608
76	5	67407.912514	51608
76	6	8718.048558	51608
76	7	54186.453244	51608
76	8	16340.375155	51608
77	1	22886.751104	51608
77	2	25510.130639	51608
77	3	23898.109033	51608
77	4	19655.399977	51608
77	5	62307.368877	51608
77	6	45877.976670	51608
77	7	40387.821849	51608
77	8	49471.831247	51608
78	1	47381.159161	51608
78	2	48306.590005	51608
78	3	18750.269474	51608
78	4	41439.491397	51608
78	5	6747.461285	51608
78	6	34330.450318	51608
78	7	62556.979635	51608
78	8	14336.785266	51608
79	1	30857.953399	51608
79	2	38641.293307	51608
79	3	31631.197082	51608
79	4	19641.356747	51608
79	5	8197.167707	51608
79	6	47623.539432	51608
79	7	72485.744594	51608
79	8	14108.760735	51608
