NodeID	PortID	AverageQueueLength	SampleCount
0	1	785.320930	179363
0	2	13932.244457	179312
0	3	701.622007	179363
0	4	1201.637305	179363
0	5	157.227955	179312
0	6	297.254010	179363
0	7	13.525961	179363
0	8	36.043182	179312
0	9	15.753277	179363
1	1	10222.371219	179363
1	2	9141.960711	179363
1	3	1202.321523	179312
1	4	1302.878648	179363
1	5	997.418503	179363
1	6	59.870466	179312
1	7	125.868301	179363
1	8	15.171000	179363
1	9	160.244229	179262
2	1	13183.251668	179363
2	2	5977.633704	179363
2	3	682.881152	179363
2	4	457.243439	179363
2	5	176.072562	179363
2	6	189.820035	179363
2	7	65.660967	179363
2	8	44.569259	179312
2	9	53.815871	179363
3	1	14157.681428	179363
3	2	733.958531	179363
3	3	271.714506	179363
3	4	3174.790074	179363
3	5	566.231274	179363
3	6	71.872293	179363
3	7	121.154759	179363
3	8	23.940835	179363
3	9	97.500270	179363
4	1	279.890641	179363
4	2	8526.891137	179363
4	3	393.412454	179363
4	4	2653.659411	179363
4	5	1030.592085	179312
4	6	26.844143	179363
4	7	90.766619	179312
4	8	77.573730	179262
4	9	188.235495	179312
5	1	10061.235985	179363
5	2	10793.290840	179363
5	3	228.967457	179363
5	4	874.098092	179363
5	5	327.895815	179363
5	6	45.878738	179363
5	7	67.168513	179363
5	8	30.394502	179312
5	9	152.891834	179363
6	1	14393.886582	179363
6	2	5066.354265	179363
6	3	638.244008	179363
6	4	633.536632	179363
6	5	594.077719	179312
6	6	197.549127	179363
6	7	59.146558	179363
6	8	94.985493	179363
6	9	51.125968	179363
7	1	758.752435	179363
7	2	22494.604121	179363
7	3	661.819176	179312
7	4	861.964413	179363
7	5	1395.601778	179262
7	6	28.676123	179312
7	7	138.443993	179363
7	8	27.667808	179312
7	9	11.281499	179262
8	1	310.098839	179363
8	2	7940.449034	179363
8	3	242.135457	179312
8	4	766.067645	179363
8	5	83.757447	179363
8	6	41.784409	179312
8	7	12.206102	179363
8	8	114.085926	179363
8	9	98.863980	179312
9	1	9632.488735	179363
9	2	6231.960934	179363
9	3	1040.366741	179312
9	4	368.273674	179363
9	5	161.207813	179363
9	6	39.290773	179363
9	7	251.551725	179363
9	8	18.559558	179363
9	9	48.595733	179312
10	1	17691.054670	179312
10	2	2802.379504	179363
10	3	298.247537	179363
10	4	1658.684043	179363
10	5	231.209936	179312
10	6	11.518619	179363
10	7	77.294648	179312
10	8	39.261052	179363
10	9	67.740426	179363
11	1	2325.727084	179363
11	2	341.829995	179312
11	3	607.235745	179363
11	4	2273.704432	179363
11	5	440.511282	179312
11	6	38.894698	179312
11	7	16.130862	179212
11	8	19.265428	179363
11	9	62.854630	179363
12	1	255.656200	179363
12	2	9509.362143	179363
12	3	745.282321	179363
12	4	892.933340	179312
12	5	501.103422	179363
12	6	35.368474	179212
12	7	172.723778	179363
12	8	183.938025	179363
12	9	30.273384	179363
13	1	15740.435904	179363
13	2	3748.417661	179363
13	3	416.303357	179363
13	4	836.364549	179312
13	5	1160.758267	179363
13	6	79.776180	179363
13	7	50.222649	179363
13	8	126.850326	179363
13	9	61.808355	179363
14	1	21691.500599	179363
14	2	22726.312461	179363
14	3	401.086034	179312
14	4	358.540524	179363
14	5	235.985002	179363
14	6	18.624520	179312
14	7	101.257166	179312
14	8	61.268989	179312
14	9	9.164049	179312
15	1	19101.795538	179363
15	2	199.080440	179363
15	3	637.586141	179363
15	4	989.820414	179363
15	5	1319.036775	179363
15	6	25.401755	179363
15	7	223.160802	179363
15	8	17.287501	179363
15	9	107.341310	179312
16	1	926.129469	179363
16	2	3753.881843	179363
16	3	2119.378255	179363
16	4	1630.690862	179363
16	5	170.688866	179363
16	6	50.675663	179363
16	7	21.921283	179363
16	8	96.143454	179312
16	9	33.263769	179312
17	1	18851.706846	179363
17	2	8420.020199	179312
17	3	842.871462	179363
17	4	772.684807	179363
17	5	612.325009	179312
17	6	293.986458	179363
17	7	13.723338	179363
17	8	21.491969	179363
17	9	70.938749	179312
18	1	6559.615718	179363
18	2	42631.582506	179363
18	3	131.839599	179363
18	4	578.748950	179363
18	5	1125.041748	179363
18	6	219.351550	179363
18	7	45.373716	179262
18	8	116.463033	179363
18	9	46.368543	179363
19	1	8830.809939	179363
19	2	222.294675	179262
19	3	166.372446	179363
19	4	1451.263823	179363
19	5	1049.332978	179363
19	6	288.869633	179363
19	7	105.307851	179363
19	8	162.020434	179312
19	9	105.741931	179212
20	1	629.363528	179312
20	2	12153.634194	179363
20	3	604.171641	179363
20	4	233.261364	179363
20	5	244.229187	179312
20	6	52.592052	179312
20	7	221.668036	179363
20	8	84.035013	179363
20	9	52.203877	179363
21	1	2551.929947	179363
21	2	6305.322229	179363
21	3	439.838834	179262
21	4	599.110982	179363
21	5	886.974331	179363
21	6	29.387901	179363
21	7	106.691594	179212
21	8	70.091396	179363
21	9	77.893668	179363
22	1	13589.727603	179363
22	2	24615.746324	179363
22	3	1222.116942	179363
22	4	163.269013	179363
22	5	437.716268	179363
22	6	41.728590	179312
22	7	34.595809	179363
22	8	64.794188	179363
22	9	10.335220	179363
23	1	8244.350161	179363
23	2	286.594950	179363
23	3	164.023277	179363
23	4	779.832942	179363
23	5	879.099346	179363
23	6	18.405853	179363
23	7	69.222889	179363
23	8	58.722050	179363
23	9	108.574154	179363
24	1	509.125059	179363
24	2	5446.152807	179363
24	3	522.288666	179363
24	4	453.923462	179363
24	5	562.386746	179363
24	6	13.581948	179363
24	7	15.390119	179363
24	8	131.522031	179363
24	9	248.009737	179312
25	1	13406.903492	179363
25	2	20089.649125	179363
25	3	235.562624	179363
25	4	484.792549	179363
25	5	543.288878	179363
25	6	15.272765	179312
25	7	100.781700	179363
25	8	130.473694	179312
25	9	15.730976	179363
26	1	2889.645574	179363
26	2	4249.893094	179363
26	3	590.471078	179363
26	4	686.660214	179363
26	5	706.744011	179363
26	6	146.319748	179363
26	7	130.762247	179312
26	8	39.803912	179363
26	9	53.362405	179363
27	1	15246.288727	179363
27	2	1701.203002	179363
27	3	124.390127	179262
27	4	1357.258838	179363
27	5	737.136143	179363
27	6	171.675691	179363
27	7	60.815274	179363
27	8	25.229312	179363
27	9	37.500524	179312
28	1	5376.622903	179312
28	2	457.808959	179312
28	3	723.959735	179363
28	4	891.825304	179363
28	5	351.749976	179363
28	6	59.068958	179312
28	7	63.450260	179363
28	8	40.075622	179312
28	9	16.835756	179312
29	1	8078.159771	179363
29	2	10241.696398	179363
29	3	467.669023	179363
29	4	157.808645	179363
29	5	580.976488	179312
29	6	22.343259	179363
29	7	64.982995	179363
29	8	83.494628	179363
29	9	131.977441	179262
30	1	3618.448560	179363
30	2	6643.426431	179363
30	3	558.796093	179312
30	4	1080.209943	179363
30	5	666.091412	179363
30	6	55.011600	179312
30	7	61.619065	179162
30	8	31.506536	179312
30	9	31.988323	179162
31	1	4105.118726	179312
31	2	787.557514	179312
31	3	213.650263	179312
31	4	206.581185	179363
31	5	984.537915	179363
31	6	38.562697	179363
31	7	67.197594	179312
31	8	48.374197	179312
31	9	122.783300	179363
32	1	385.151001	179363
32	2	19792.039902	179363
32	3	1235.263970	179312
32	4	415.864036	179312
32	5	308.261656	179312
32	6	36.437777	179363
32	7	70.163676	179312
32	8	124.676006	179312
32	9	241.808557	179312
33	1	29358.579830	179363
33	2	20276.608119	179363
33	3	1179.037739	179312
33	4	1032.692668	179363
33	5	332.785056	179363
33	6	163.220569	179363
33	7	50.134430	179312
33	8	34.329544	179363
33	9	79.457432	179312
34	1	9299.244652	179312
34	2	22629.124591	179363
34	3	537.357600	179312
34	4	1054.011006	179363
34	5	270.993142	179363
34	6	51.978786	179363
34	7	133.966834	179312
34	8	34.458879	179363
34	9	27.204340	179363
35	1	7315.329817	179363
35	2	266.107544	179312
35	3	213.291057	179312
35	4	544.624137	179363
35	5	403.432207	179363
35	6	71.280682	179363
35	7	30.176737	179363
35	8	43.947828	179312
35	9	49.431683	179312
