NodeID	PortID	AverageQueueLength	SampleCount
0	1	333.883429	192526
0	2	37686.209972	192526
0	3	796.876742	192475
0	4	1733.783629	192526
0	5	450.390908	192475
0	6	115.784242	192526
0	7	19.954894	192526
0	8	54.483071	192475
0	9	27.403005	192526
1	1	14172.410932	192526
1	2	9983.735942	192526
1	3	2117.285774	192526
1	4	6308.346982	192526
1	5	1278.009827	192526
1	6	103.515324	192475
1	7	43.360663	192526
1	8	12.941483	192526
1	9	41.200083	192425
2	1	16776.177046	192526
2	2	11263.962878	192526
2	3	764.290288	192526
2	4	223.781406	192526
2	5	482.957382	192526
2	6	61.394736	192526
2	7	74.496136	192526
2	8	84.309562	192475
2	9	17.516886	192526
3	1	25469.991079	192475
3	2	201.852015	192526
3	3	420.663495	192526
3	4	5172.738622	192526
3	5	381.905872	192526
3	6	37.076333	192526
3	7	29.002706	192526
3	8	55.596210	192526
3	9	114.916219	192526
4	1	301.694711	192526
4	2	11451.706414	192526
4	3	1096.183513	192526
4	4	1504.509547	192526
4	5	715.414672	192475
4	6	14.000223	192526
4	7	50.742829	192475
4	8	67.574634	192425
4	9	41.864071	192475
5	1	31697.932809	192526
5	2	4964.431749	192526
5	3	191.698150	192526
5	4	551.065716	192526
5	5	414.207343	192526
5	6	14.832412	192526
5	7	57.282341	192526
5	8	17.610188	192475
5	9	51.340318	192526
6	1	31737.495502	192526
6	2	6303.049038	192526
6	3	627.304458	192526
6	4	1236.639353	192526
6	5	642.211098	192475
6	6	108.433490	192526
6	7	82.033221	192526
6	8	191.074915	192526
6	9	29.133878	192526
7	1	867.262806	192526
7	2	22844.502322	192526
7	3	941.590960	192475
7	4	1638.703931	192526
7	5	1056.042645	192425
7	6	204.848339	192475
7	7	84.245811	192526
7	8	44.350944	192475
7	9	14.792584	192425
8	1	428.732286	192526
8	2	3143.114260	192526
8	3	116.636997	192475
8	4	203.770722	192526
8	5	86.371020	192526
8	6	80.537161	192475
8	7	14.910137	192526
8	8	78.972450	192526
8	9	18.024486	192475
9	1	11778.059291	192526
9	2	5710.488204	192526
9	3	1130.940507	192526
9	4	403.268234	192526
9	5	261.244346	192526
9	6	30.499948	192526
9	7	102.997242	192526
9	8	38.276929	192526
9	9	29.310394	192475
10	1	15499.598008	192526
10	2	7130.209447	192526
10	3	208.487036	192526
10	4	2674.224848	192526
10	5	114.263850	192526
10	6	17.738752	192526
10	7	103.440795	192475
10	8	21.702606	192526
10	9	126.275641	192526
11	1	16956.761543	192475
11	2	616.706725	192526
11	3	163.079615	192526
11	4	1684.015660	192526
11	5	497.194814	192425
11	6	23.355147	192475
11	7	6.946828	192375
11	8	10.400917	192526
11	9	67.052881	192526
12	1	1131.320061	192526
12	2	14996.072530	192526
12	3	732.338032	192526
12	4	890.939649	192475
12	5	1467.414204	192526
12	6	25.152192	192375
12	7	46.392939	192526
12	8	36.648157	192526
12	9	38.279012	192526
13	1	38642.017821	192526
13	2	2510.966789	192526
13	3	187.803632	192526
13	4	887.928685	192526
13	5	1696.450713	192526
13	6	36.788548	192526
13	7	17.104983	192526
13	8	51.011391	192526
13	9	30.250408	192526
14	1	57324.348743	192526
14	2	17517.747603	192526
14	3	378.624943	192475
14	4	587.327530	192526
14	5	480.578722	192526
14	6	61.531311	192475
14	7	64.428949	192475
14	8	26.627001	192475
14	9	15.853784	192475
15	1	20998.492100	192526
15	2	281.073247	192526
15	3	344.458156	192526
15	4	1527.522568	192526
15	5	275.855495	192526
15	6	9.093390	192526
15	7	69.714272	192526
15	8	9.511453	192526
15	9	65.528365	192475
16	1	488.211525	192526
16	2	12701.746959	192526
16	3	1751.226375	192526
16	4	1831.925522	192526
16	5	631.771856	192475
16	6	55.720956	192475
16	7	82.651190	192526
16	8	117.610723	192475
16	9	20.429635	192475
17	1	29729.446740	192526
17	2	7452.337114	192475
17	3	295.508181	192526
17	4	600.217462	192526
17	5	1090.707235	192475
17	6	27.188156	192526
17	7	11.035896	192475
17	8	39.041994	192526
17	9	72.146409	192475
18	1	9687.348904	192526
18	2	35021.412433	192526
18	3	198.237989	192526
18	4	614.875232	192526
18	5	1277.519016	192526
18	6	250.670398	192526
18	7	11.742144	192425
18	8	29.875290	192526
18	9	41.430991	192526
19	1	14234.143061	192526
19	2	1414.972283	192375
19	3	552.592523	192526
19	4	1678.466586	192526
19	5	416.100916	192526
19	6	66.565300	192526
19	7	34.751966	192526
19	8	52.575088	192475
19	9	337.255418	192375
20	1	587.235283	192475
20	2	19291.871134	192526
20	3	483.977041	192475
20	4	391.223855	192526
20	5	265.753521	192475
20	6	19.273215	192475
20	7	48.248631	192526
20	8	13.119366	192526
20	9	95.930643	192526
21	1	6834.790543	192526
21	2	10267.262806	192526
21	3	272.611495	192425
21	4	481.851729	192526
21	5	910.267891	192526
21	6	9.136210	192526
21	7	31.597593	192375
21	8	38.656561	192526
21	9	50.923200	192526
22	1	13878.600828	192526
22	2	17961.560194	192526
22	3	2785.046690	192526
22	4	75.426774	192526
22	5	953.703884	192526
22	6	65.751952	192475
22	7	42.769309	192526
22	8	59.048056	192526
22	9	48.828979	192526
23	1	10526.011385	192526
23	2	362.711270	192526
23	3	420.506471	192475
23	4	1043.634382	192526
23	5	1169.346265	192526
23	6	78.683290	192526
23	7	109.970705	192526
23	8	51.880551	192526
23	9	75.368288	192526
24	1	1280.212241	192526
24	2	18646.134195	192526
24	3	286.951923	192526
24	4	503.428233	192526
24	5	356.139104	192425
24	6	35.899795	192526
24	7	18.944849	192526
24	8	113.787239	192526
24	9	213.831776	192475
25	1	16293.670424	192526
25	2	46266.005672	192526
25	3	363.645274	192526
25	4	229.284845	192526
25	5	1504.055785	192526
25	6	22.515360	192475
25	7	103.916853	192526
25	8	15.377800	192475
25	9	19.595005	192526
26	1	1008.889402	192526
26	2	3322.193984	192526
26	3	612.296962	192526
26	4	568.977587	192526
26	5	467.441457	192526
26	6	48.398570	192526
26	7	69.037459	192475
26	8	15.158140	192526
26	9	67.419424	192526
27	1	28006.765040	192526
27	2	1076.465880	192526
27	3	418.819983	192526
27	4	17030.160207	192526
27	5	1681.182422	192526
27	6	26.307616	192526
27	7	22.948142	192526
27	8	81.574515	192526
27	9	28.025053	192475
28	1	16357.146107	192475
28	2	497.005954	192475
28	3	820.785842	192526
28	4	1294.479122	192475
28	5	615.300817	192526
28	6	33.133503	192475
28	7	24.196514	192526
28	8	31.005502	192475
28	9	23.972635	192475
29	1	13140.093447	192526
29	2	10674.642183	192526
29	3	412.444060	192526
29	4	240.196519	192526
29	5	1592.396539	192526
29	6	28.339378	192526
29	7	277.221764	192475
29	8	51.806400	192526
29	9	32.707481	192425
30	1	6893.476517	192526
30	2	17970.877663	192526
30	3	605.243569	192475
30	4	670.575995	192526
30	5	313.687845	192526
30	6	20.175534	192475
30	7	24.318492	192325
30	8	29.760374	192475
30	9	27.722085	192325
31	1	5739.968415	192526
31	2	366.242691	192475
31	3	1539.099670	192475
31	4	572.648837	192526
31	5	331.792189	192526
31	6	52.501179	192526
31	7	37.992357	192475
31	8	22.454906	192475
31	9	310.698560	192526
32	1	449.916359	192526
32	2	27204.368033	192526
32	3	1875.703432	192475
32	4	756.936501	192475
32	5	174.116431	192475
32	6	42.495346	192526
32	7	64.732781	192475
32	8	66.380907	192475
32	9	102.192799	192475
33	1	36295.348597	192526
33	2	23724.969303	192526
33	3	724.704491	192475
33	4	1589.330973	192526
33	5	438.918858	192526
33	6	40.075315	192526
33	7	26.994768	192475
33	8	30.102885	192526
33	9	41.248822	192475
34	1	7321.202923	192526
34	2	15002.286647	192526
34	3	461.715703	192475
34	4	1378.693371	192526
34	5	423.511063	192526
34	6	31.807231	192526
34	7	50.014511	192475
34	8	8.904880	192526
34	9	19.111336	192526
35	1	19036.160467	192526
35	2	443.600644	192475
35	3	409.621629	192475
35	4	413.212974	192526
35	5	207.733148	192526
35	6	11.396855	192526
35	7	154.912864	192526
35	8	16.165118	192475
35	9	76.535379	192475
