# Format: delay(us) ack_ratio packet_ratio (based on total count = 23604621)
0 0.000000 0.000000
1 0.000000 0.000000
2 0.000000 0.000000
3 0.000000 0.000000
4 0.000000 0.000000
5 0.000000 0.000000
6 0.000000 0.000000
7 0.000000 0.000000
8 0.000000 0.000000
9 0.000000 0.000000
10 0.000000 0.000000
11 0.000000 0.000000
12 0.000000 0.000000
13 0.000000 0.000000
14 0.000000 0.000000
15 0.000000 0.000000
16 0.000000 0.000000
17 0.000000 0.000000
18 0.000000 0.000000
19 0.000000 0.000000
20 0.000000 0.000000
21 0.000000 0.000000
22 0.000000 0.000000
23 0.000000 0.000000
24 0.000000 0.000000
25 0.000000 0.000000
26 0.000000 0.000000
27 0.000000 0.000000
28 0.000000 0.000000
29 0.000000 0.000000
30 0.000000 0.000000
31 0.000000 0.000000
32 0.000000 0.000000
33 0.000000 0.000000
34 0.000000 0.000000
35 0.000000 0.000000
36 0.000000 0.000000
37 0.000000 0.000000
38 0.000000 0.000000
39 0.000000 0.000000
40 0.000000 0.000000
41 0.000000 0.000000
42 0.000000 0.000000
43 0.000000 0.000000
44 0.000000 0.000000
45 0.000000 0.000000
46 0.000000 0.000000
47 0.000000 0.000000
48 0.000000 0.000000
49 0.000000 0.000000
50 0.000000 0.000000
51 0.000000 0.000000
52 0.000000 0.000000
53 0.000000 0.000000
54 0.000000 0.000000
55 0.000000 0.000000
56 0.000000 0.000000
57 0.000000 0.000000
58 0.000000 0.000000
59 0.000000 0.000000
60 0.000000 0.000000
61 0.000000 0.000000
62 0.000000 0.000000
63 0.000000 0.000000
64 0.000000 0.000000
65 0.000000 0.000000
66 0.000000 0.000000
67 0.000000 0.000000
68 0.000000 0.000000
69 0.000000 0.000000
70 0.000000 0.000000
71 0.000000 0.000000
72 0.000000 0.000000
73 0.000000 0.000000
74 0.000000 0.000000
75 0.000000 0.000000
76 0.000000 0.000000
77 0.000000 0.000000
78 0.000000 0.000000
79 0.000000 0.000000
80 0.000000 0.000000
81 0.000000 0.000000
82 0.000000 0.000000
83 0.000000 0.000000
84 0.000000 0.000000
85 0.000000 0.000000
86 0.000000 0.000000
87 0.000000 0.000000
88 0.000000 0.000000
89 0.000000 0.000000
90 0.000000 0.000000
91 0.000000 0.000000
92 0.000000 0.000000
93 0.000000 0.000000
94 0.000000 0.000000
95 0.000000 0.000000
96 0.000000 0.000000
97 0.000000 0.000000
98 0.000000 0.000000
99 0.000000 0.000000
100 0.056868 0.000000
101 0.141651 0.000000
102 0.286829 0.000000
103 0.298862 0.000000
104 0.164745 0.000000
105 0.046307 0.000000
106 0.004726 0.000000
107 0.000013 0.000000
108 0.000000 0.000000
109 0.000000 0.000000
110 0.000000 0.000000
111 0.000000 0.000000
112 0.000000 0.000000
113 0.000000 0.000000
114 0.000000 0.000000
115 0.000000 0.000000
116 0.000000 0.000000
117 0.000000 0.000000
118 0.000000 0.000000
119 0.000000 0.000000
120 0.000000 0.000000
121 0.000000 0.000000
122 0.000000 0.000000
123 0.000000 0.000000
124 0.000000 0.000000
125 0.000000 0.000000
126 0.000000 0.000000
127 0.000000 0.000000
128 0.000000 0.000000
129 0.000000 0.000000
130 0.000000 0.000000
131 0.000000 0.000000
132 0.000000 0.000000
133 0.000000 0.000000
134 0.000000 0.000000
135 0.000000 0.000000
136 0.000000 0.000000
137 0.000000 0.000000
138 0.000000 0.000000
139 0.000000 0.000000
140 0.000000 0.000000
141 0.000000 0.000000
142 0.000000 0.000000
143 0.000000 0.000000
144 0.000000 0.000000
145 0.000000 0.000000
146 0.000000 0.000000
147 0.000000 0.000000
148 0.000000 0.000000
149 0.000000 0.000000
150 0.000000 0.000000
151 0.000000 0.000000
152 0.000000 0.000000
153 0.000000 0.000000
154 0.000000 0.000000
155 0.000000 0.000000
156 0.000000 0.000000
157 0.000000 0.000000
158 0.000000 0.000000
159 0.000000 0.000000
160 0.000000 0.000000
161 0.000000 0.000000
162 0.000000 0.000000
163 0.000000 0.000000
164 0.000000 0.000000
165 0.000000 0.000000
166 0.000000 0.000000
167 0.000000 0.000000
168 0.000000 0.000000
169 0.000000 0.000000
170 0.000000 0.000000
171 0.000000 0.000000
172 0.000000 0.000000
173 0.000000 0.000000
174 0.000000 0.000000
175 0.000000 0.000000
176 0.000000 0.000000
177 0.000000 0.000000
178 0.000000 0.000000
179 0.000000 0.000000
180 0.000000 0.000000
181 0.000000 0.000000
182 0.000000 0.000000
183 0.000000 0.000000
184 0.000000 0.000000
185 0.000000 0.000000
186 0.000000 0.000000
187 0.000000 0.000000
188 0.000000 0.000000
189 0.000000 0.000000
190 0.000000 0.000000
191 0.000000 0.000000
192 0.000000 0.000000
193 0.000000 0.000000
194 0.000000 0.000000
195 0.000000 0.000000
196 0.000000 0.000000
197 0.000000 0.000000
198 0.000000 0.000000
199 0.000000 0.000000
200 0.000000 0.000000
201 0.000000 0.000000
202 0.000000 0.000000
203 0.000000 0.000000
204 0.000000 0.000001
205 0.000000 0.000001
206 0.000000 0.000001
207 0.000000 0.000001
208 0.000000 0.003586
209 0.000000 0.002007
210 0.000000 0.002667
211 0.000000 0.003105
212 0.000000 0.003453
213 0.000000 0.002896
214 0.000000 0.002583
215 0.000000 0.002396
216 0.000000 0.002211
217 0.000000 0.001938
218 0.000000 0.001759
219 0.000000 0.001574
220 0.000000 0.001474
221 0.000000 0.001354
222 0.000000 0.001234
223 0.000000 0.001142
224 0.000000 0.001057
225 0.000000 0.001041
226 0.000000 0.000957
227 0.000000 0.000909
228 0.000000 0.000874
229 0.000000 0.000851
230 0.000000 0.000819
231 0.000000 0.000810
232 0.000000 0.000780
233 0.000000 0.000773
234 0.000000 0.000748
235 0.000000 0.000749
236 0.000000 0.000725
237 0.000000 0.000731
238 0.000000 0.000714
239 0.000000 0.000704
240 0.000000 0.000711
241 0.000000 0.000690
242 0.000000 0.000703
243 0.000000 0.000685
244 0.000000 0.000688
245 0.000000 0.000673
246 0.000000 0.000685
247 0.000000 0.000681
248 0.000000 0.000680
249 0.000000 0.000683
250 0.000000 0.000696
251 0.000000 0.000683
252 0.000000 0.000689
253 0.000000 0.000687
254 0.000000 0.000692
255 0.000000 0.000688
256 0.000000 0.000694
257 0.000000 0.000692
258 0.000000 0.000712
259 0.000000 0.000694
260 0.000000 0.000713
261 0.000000 0.000706
262 0.000000 0.000701
263 0.000000 0.000702
264 0.000000 0.000699
265 0.000000 0.000717
266 0.000000 0.000712
267 0.000000 0.000724
268 0.000000 0.000715
269 0.000000 0.000723
270 0.000000 0.000739
271 0.000000 0.000734
272 0.000000 0.000731
273 0.000000 0.000739
274 0.000000 0.000740
275 0.000000 0.000763
276 0.000000 0.000735
277 0.000000 0.000741
278 0.000000 0.000757
279 0.000000 0.000763
280 0.000000 0.000764
281 0.000000 0.000766
282 0.000000 0.000758
283 0.000000 0.000782
284 0.000000 0.000769
285 0.000000 0.000784
286 0.000000 0.000791
287 0.000000 0.000794
288 0.000000 0.000800
289 0.000000 0.000802
290 0.000000 0.000816
291 0.000000 0.000819
292 0.000000 0.000827
293 0.000000 0.000818
294 0.000000 0.000835
295 0.000000 0.000835
296 0.000000 0.000844
297 0.000000 0.000845
298 0.000000 0.000847
299 0.000000 0.000866
300 0.000000 0.000885
301 0.000000 0.000865
302 0.000000 0.000877
303 0.000000 0.000880
304 0.000000 0.000884
305 0.000000 0.000893
306 0.000000 0.000900
307 0.000000 0.000910
308 0.000000 0.000921
309 0.000000 0.000927
310 0.000000 0.000938
311 0.000000 0.000928
312 0.000000 0.000955
313 0.000000 0.000967
314 0.000000 0.000965
315 0.000000 0.000960
316 0.000000 0.000977
317 0.000000 0.000985
318 0.000000 0.000993
319 0.000000 0.001006
320 0.000000 0.000999
321 0.000000 0.001021
322 0.000000 0.001019
323 0.000000 0.001038
324 0.000000 0.001050
325 0.000000 0.001066
326 0.000000 0.001062
327 0.000000 0.001051
328 0.000000 0.001069
329 0.000000 0.001092
330 0.000000 0.001090
331 0.000000 0.001105
332 0.000000 0.001104
333 0.000000 0.001127
334 0.000000 0.001128
335 0.000000 0.001142
336 0.000000 0.001148
337 0.000000 0.001154
338 0.000000 0.001178
339 0.000000 0.001190
340 0.000000 0.001206
341 0.000000 0.001216
342 0.000000 0.001210
343 0.000000 0.001221
344 0.000000 0.001240
345 0.000000 0.001254
346 0.000000 0.001259
347 0.000000 0.001266
348 0.000000 0.001284
349 0.000000 0.001297
350 0.000000 0.001334
351 0.000000 0.001324
352 0.000000 0.001329
353 0.000000 0.001342
354 0.000000 0.001374
355 0.000000 0.001382
356 0.000000 0.001389
357 0.000000 0.001391
358 0.000000 0.001414
359 0.000000 0.001422
360 0.000000 0.001453
361 0.000000 0.001458
362 0.000000 0.001483
363 0.000000 0.001510
364 0.000000 0.001521
365 0.000000 0.001533
366 0.000000 0.001544
367 0.000000 0.001561
368 0.000000 0.001577
369 0.000000 0.001599
370 0.000000 0.001619
371 0.000000 0.001649
372 0.000000 0.001641
373 0.000000 0.001656
374 0.000000 0.001672
375 0.000000 0.001735
376 0.000000 0.001717
377 0.000000 0.001735
378 0.000000 0.001772
379 0.000000 0.001778
380 0.000000 0.001782
381 0.000000 0.001839
382 0.000000 0.001859
383 0.000000 0.001867
384 0.000000 0.001868
385 0.000000 0.001906
386 0.000000 0.001906
387 0.000000 0.001922
388 0.000000 0.001968
389 0.000000 0.001988
390 0.000000 0.001985
391 0.000000 0.001996
392 0.000000 0.002037
393 0.000000 0.002024
394 0.000000 0.002031
395 0.000000 0.002069
396 0.000000 0.002093
397 0.000000 0.002078
398 0.000000 0.002089
399 0.000000 0.002108
400 0.000000 0.002164
401 0.000000 0.002138
402 0.000000 0.002140
403 0.000000 0.002161
404 0.000000 0.002173
405 0.000000 0.002188
406 0.000000 0.002218
407 0.000000 0.002201
408 0.000000 0.002230
409 0.000000 0.002224
410 0.000000 0.002249
411 0.000000 0.002249
412 0.000000 0.002254
413 0.000000 0.002295
414 0.000000 0.002267
415 0.000000 0.002303
416 0.000000 0.002303
417 0.000000 0.002337
418 0.000000 0.002301
419 0.000000 0.002319
420 0.000000 0.002335
421 0.000000 0.002338
422 0.000000 0.002339
423 0.000000 0.002330
424 0.000000 0.002321
425 0.000000 0.002378
426 0.000000 0.002337
427 0.000000 0.002329
428 0.000000 0.002336
429 0.000000 0.002318
430 0.000000 0.002329
431 0.000000 0.002335
432 0.000000 0.002308
433 0.000000 0.002335
434 0.000000 0.002299
435 0.000000 0.002311
436 0.000000 0.002299
437 0.000000 0.002274
438 0.000000 0.002289
439 0.000000 0.002270
440 0.000000 0.002280
441 0.000000 0.002265
442 0.000000 0.002262
443 0.000000 0.002220
444 0.000000 0.002240
445 0.000000 0.002216
446 0.000000 0.002218
447 0.000000 0.002198
448 0.000000 0.002169
449 0.000000 0.002165
450 0.000000 0.002195
451 0.000000 0.002136
452 0.000000 0.002140
453 0.000000 0.002113
454 0.000000 0.002135
455 0.000000 0.002113
456 0.000000 0.002107
457 0.000000 0.002093
458 0.000000 0.002077
459 0.000000 0.002057
460 0.000000 0.002074
461 0.000000 0.002059
462 0.000000 0.002027
463 0.000000 0.002067
464 0.000000 0.002009
465 0.000000 0.002028
466 0.000000 0.002000
467 0.000000 0.001999
468 0.000000 0.001986
469 0.000000 0.001988
470 0.000000 0.001943
471 0.000000 0.001958
472 0.000000 0.001922
473 0.000000 0.001928
474 0.000000 0.001917
475 0.000000 0.001953
476 0.000000 0.001903
477 0.000000 0.001899
478 0.000000 0.001883
479 0.000000 0.001885
480 0.000000 0.001872
481 0.000000 0.001883
482 0.000000 0.001843
483 0.000000 0.001858
484 0.000000 0.001819
485 0.000000 0.001829
486 0.000000 0.001800
487 0.000000 0.001810
488 0.000000 0.001819
489 0.000000 0.001791
490 0.000000 0.001792
491 0.000000 0.001776
492 0.000000 0.001765
493 0.000000 0.001752
494 0.000000 0.001757
495 0.000000 0.001737
496 0.000000 0.001741
497 0.000000 0.001729
498 0.000000 0.001722
499 0.000000 0.001716
500 0.000000 0.001739
501 0.000000 0.001686
502 0.000000 0.001687
503 0.000000 0.001690
504 0.000000 0.001686
505 0.000000 0.001686
506 0.000000 0.001667
507 0.000000 0.001670
508 0.000000 0.001648
509 0.000000 0.001639
510 0.000000 0.001659
511 0.000000 0.001628
512 0.000000 0.001603
513 0.000000 0.001622
514 0.000000 0.001604
515 0.000000 0.001607
516 0.000000 0.001592
517 0.000000 0.001586
518 0.000000 0.001572
519 0.000000 0.001585
520 0.000000 0.001550
521 0.000000 0.001546
522 0.000000 0.001533
523 0.000000 0.001512
524 0.000000 0.001523
525 0.000000 0.001530
526 0.000000 0.001512
527 0.000000 0.001490
528 0.000000 0.001490
529 0.000000 0.001502
530 0.000000 0.001489
531 0.000000 0.001490
532 0.000000 0.001471
533 0.000000 0.001472
534 0.000000 0.001467
535 0.000000 0.001455
536 0.000000 0.001444
537 0.000000 0.001430
538 0.000000 0.001442
539 0.000000 0.001419
540 0.000000 0.001431
541 0.000000 0.001428
542 0.000000 0.001411
543 0.000000 0.001411
544 0.000000 0.001389
545 0.000000 0.001394
546 0.000000 0.001377
547 0.000000 0.001365
548 0.000000 0.001357
549 0.000000 0.001360
550 0.000000 0.001385
551 0.000000 0.001357
552 0.000000 0.001336
553 0.000000 0.001331
554 0.000000 0.001346
555 0.000000 0.001325
556 0.000000 0.001333
557 0.000000 0.001304
558 0.000000 0.001312
559 0.000000 0.001300
560 0.000000 0.001304
561 0.000000 0.001276
562 0.000000 0.001272
563 0.000000 0.001302
564 0.000000 0.001268
565 0.000000 0.001267
566 0.000000 0.001242
567 0.000000 0.001260
568 0.000000 0.001249
569 0.000000 0.001250
570 0.000000 0.001232
571 0.000000 0.001225
572 0.000000 0.001211
573 0.000000 0.001215
574 0.000000 0.001207
575 0.000000 0.001237
576 0.000000 0.001192
577 0.000000 0.001185
578 0.000000 0.001184
579 0.000000 0.001178
580 0.000000 0.001177
581 0.000000 0.001166
582 0.000000 0.001172
583 0.000000 0.001161
584 0.000000 0.001150
585 0.000000 0.001150
586 0.000000 0.001141
587 0.000000 0.001128
588 0.000000 0.001142
589 0.000000 0.001122
590 0.000000 0.001122
591 0.000000 0.001106
592 0.000000 0.001089
593 0.000000 0.001106
594 0.000000 0.001090
595 0.000000 0.001094
596 0.000000 0.001090
597 0.000000 0.001078
598 0.000000 0.001069
599 0.000000 0.001057
600 0.000000 0.001079
601 0.000000 0.001048
602 0.000000 0.001045
603 0.000000 0.001035
604 0.000000 0.001042
605 0.000000 0.001039
606 0.000000 0.001022
607 0.000000 0.001005
608 0.000000 0.001017
609 0.000000 0.001006
610 0.000000 0.001000
611 0.000000 0.000987
612 0.000000 0.000986
613 0.000000 0.000989
614 0.000000 0.000973
615 0.000000 0.000974
616 0.000000 0.000964
617 0.000000 0.000958
618 0.000000 0.000948
619 0.000000 0.000945
620 0.000000 0.000945
621 0.000000 0.000944
622 0.000000 0.000938
623 0.000000 0.000926
624 0.000000 0.000914
625 0.000000 0.000927
626 0.000000 0.000913
627 0.000000 0.000911
628 0.000000 0.000900
629 0.000000 0.000895
630 0.000000 0.000895
631 0.000000 0.000878
632 0.000000 0.000882
633 0.000000 0.000892
634 0.000000 0.000876
635 0.000000 0.000866
636 0.000000 0.000869
637 0.000000 0.000850
638 0.000000 0.000855
639 0.000000 0.000844
640 0.000000 0.000846
641 0.000000 0.000840
642 0.000000 0.000832
643 0.000000 0.000825
644 0.000000 0.000827
645 0.000000 0.000827
646 0.000000 0.000820
647 0.000000 0.000808
648 0.000000 0.000809
649 0.000000 0.000805
650 0.000000 0.000819
651 0.000000 0.000791
652 0.000000 0.000795
653 0.000000 0.000788
654 0.000000 0.000789
655 0.000000 0.000789
656 0.000000 0.000783
657 0.000000 0.000782
658 0.000000 0.000782
659 0.000000 0.000777
660 0.000000 0.000756
661 0.000000 0.000759
662 0.000000 0.000755
663 0.000000 0.000751
664 0.000000 0.000756
665 0.000000 0.000752
666 0.000000 0.000747
667 0.000000 0.000740
668 0.000000 0.000734
669 0.000000 0.000732
670 0.000000 0.000718
671 0.000000 0.000719
672 0.000000 0.000722
673 0.000000 0.000717
674 0.000000 0.000713
675 0.000000 0.000729
676 0.000000 0.000704
677 0.000000 0.000700
678 0.000000 0.000690
679 0.000000 0.000702
680 0.000000 0.000699
681 0.000000 0.000690
682 0.000000 0.000702
683 0.000000 0.000702
684 0.000000 0.000682
685 0.000000 0.000690
686 0.000000 0.000685
687 0.000000 0.000663
688 0.000000 0.000672
689 0.000000 0.000664
690 0.000000 0.000655
691 0.000000 0.000658
692 0.000000 0.000666
693 0.000000 0.000653
694 0.000000 0.000669
695 0.000000 0.000652
696 0.000000 0.000657
697 0.000000 0.000648
698 0.000000 0.000644
699 0.000000 0.000644
700 0.000000 0.000652
701 0.000000 0.000637
702 0.000000 0.000630
703 0.000000 0.000636
704 0.000000 0.000630
705 0.000000 0.000629
706 0.000000 0.000623
707 0.000000 0.000627
708 0.000000 0.000628
709 0.000000 0.000618
710 0.000000 0.000617
711 0.000000 0.000615
712 0.000000 0.000601
713 0.000000 0.000604
714 0.000000 0.000596
715 0.000000 0.000604
716 0.000000 0.000592
717 0.000000 0.000589
718 0.000000 0.000590
719 0.000000 0.000595
720 0.000000 0.000591
721 0.000000 0.000595
722 0.000000 0.000587
723 0.000000 0.000578
724 0.000000 0.000578
725 0.000000 0.000597
726 0.000000 0.000574
727 0.000000 0.000568
728 0.000000 0.000568
729 0.000000 0.000573
730 0.000000 0.000573
731 0.000000 0.000576
732 0.000000 0.000567
733 0.000000 0.000572
734 0.000000 0.000568
735 0.000000 0.000559
736 0.000000 0.000557
737 0.000000 0.000558
738 0.000000 0.000557
739 0.000000 0.000558
740 0.000000 0.000556
741 0.000000 0.000549
742 0.000000 0.000545
743 0.000000 0.000547
744 0.000000 0.000536
745 0.000000 0.000550
746 0.000000 0.000542
747 0.000000 0.000537
748 0.000000 0.000528
749 0.000000 0.000528
750 0.000000 0.000547
751 0.000000 0.000522
752 0.000000 0.000529
753 0.000000 0.000522
754 0.000000 0.000528
755 0.000000 0.000517
756 0.000000 0.000522
757 0.000000 0.000518
758 0.000000 0.000516
759 0.000000 0.000504
760 0.000000 0.000507
761 0.000000 0.000512
762 0.000000 0.000507
763 0.000000 0.000508
764 0.000000 0.000508
765 0.000000 0.000501
766 0.000000 0.000492
767 0.000000 0.000505
768 0.000000 0.000502
769 0.000000 0.000498
770 0.000000 0.000496
771 0.000000 0.000497
772 0.000000 0.000489
773 0.000000 0.000483
774 0.000000 0.000487
775 0.000000 0.000494
776 0.000000 0.000485
777 0.000000 0.000485
778 0.000000 0.000487
779 0.000000 0.000491
780 0.000000 0.000484
781 0.000000 0.000471
782 0.000000 0.000482
783 0.000000 0.000479
784 0.000000 0.000477
785 0.000000 0.000472
786 0.000000 0.000471
787 0.000000 0.000471
788 0.000000 0.000471
789 0.000000 0.000468
790 0.000000 0.000464
791 0.000000 0.000465
792 0.000000 0.000463
793 0.000000 0.000457
794 0.000000 0.000451
795 0.000000 0.000459
796 0.000000 0.000460
797 0.000000 0.000457
798 0.000000 0.000454
799 0.000000 0.000453
800 0.000000 0.000451
801 0.000000 0.000447
802 0.000000 0.000447
803 0.000000 0.000450
804 0.000000 0.000453
805 0.000000 0.000441
806 0.000000 0.000451
807 0.000000 0.000446
808 0.000000 0.000442
809 0.000000 0.000445
810 0.000000 0.000445
811 0.000000 0.000438
812 0.000000 0.000428
813 0.000000 0.000433
814 0.000000 0.000429
815 0.000000 0.000434
816 0.000000 0.000427
817 0.000000 0.000432
818 0.000000 0.000421
819 0.000000 0.000428
820 0.000000 0.000426
821 0.000000 0.000427
822 0.000000 0.000422
823 0.000000 0.000420
824 0.000000 0.000419
825 0.000000 0.000429
826 0.000000 0.000416
827 0.000000 0.000412
828 0.000000 0.000422
829 0.000000 0.000417
830 0.000000 0.000407
831 0.000000 0.000409
832 0.000000 0.000406
833 0.000000 0.000406
834 0.000000 0.000407
835 0.000000 0.000407
836 0.000000 0.000404
837 0.000000 0.000397
838 0.000000 0.000404
839 0.000000 0.000404
840 0.000000 0.000404
841 0.000000 0.000389
842 0.000000 0.000406
843 0.000000 0.000397
844 0.000000 0.000391
845 0.000000 0.000399
846 0.000000 0.000398
847 0.000000 0.000388
848 0.000000 0.000384
849 0.000000 0.000393
850 0.000000 0.000400
851 0.000000 0.000392
852 0.000000 0.000385
853 0.000000 0.000386
854 0.000000 0.000385
855 0.000000 0.000381
856 0.000000 0.000379
857 0.000000 0.000377
858 0.000000 0.000384
859 0.000000 0.000384
860 0.000000 0.000379
861 0.000000 0.000377
862 0.000000 0.000371
863 0.000000 0.000380
864 0.000000 0.000376
865 0.000000 0.000370
866 0.000000 0.000376
867 0.000000 0.000370
868 0.000000 0.000369
869 0.000000 0.000370
870 0.000000 0.000366
871 0.000000 0.000370
872 0.000000 0.000364
873 0.000000 0.000361
874 0.000000 0.000364
875 0.000000 0.000367
876 0.000000 0.000358
877 0.000000 0.000361
878 0.000000 0.000353
879 0.000000 0.000356
880 0.000000 0.000359
881 0.000000 0.000349
882 0.000000 0.000349
883 0.000000 0.000346
884 0.000000 0.000344
885 0.000000 0.000353
886 0.000000 0.000351
887 0.000000 0.000343
888 0.000000 0.000338
889 0.000000 0.000342
890 0.000000 0.000342
891 0.000000 0.000345
892 0.000000 0.000344
893 0.000000 0.000345
894 0.000000 0.000345
895 0.000000 0.000344
896 0.000000 0.000344
897 0.000000 0.000337
898 0.000000 0.000340
899 0.000000 0.000339
900 0.000000 0.000338
901 0.000000 0.000335
902 0.000000 0.000332
903 0.000000 0.000335
904 0.000000 0.000334
905 0.000000 0.000338
906 0.000000 0.000335
907 0.000000 0.000337
908 0.000000 0.000329
909 0.000000 0.000332
910 0.000000 0.000324
911 0.000000 0.000328
912 0.000000 0.000329
913 0.000000 0.000326
914 0.000000 0.000328
915 0.000000 0.000333
916 0.000000 0.000329
917 0.000000 0.000325
918 0.000000 0.000328
919 0.000000 0.000321
920 0.000000 0.000326
921 0.000000 0.000317
922 0.000000 0.000309
923 0.000000 0.000322
924 0.000000 0.000316
925 0.000000 0.000323
926 0.000000 0.000318
927 0.000000 0.000314
928 0.000000 0.000307
929 0.000000 0.000320
930 0.000000 0.000316
931 0.000000 0.000314
932 0.000000 0.000308
933 0.000000 0.000316
934 0.000000 0.000313
935 0.000000 0.000313
936 0.000000 0.000296
937 0.000000 0.000302
938 0.000000 0.000299
939 0.000000 0.000303
940 0.000000 0.000307
941 0.000000 0.000307
942 0.000000 0.000299
943 0.000000 0.000300
944 0.000000 0.000303
945 0.000000 0.000306
946 0.000000 0.000303
947 0.000000 0.000298
948 0.000000 0.000291
949 0.000000 0.000292
950 0.000000 0.000298
951 0.000000 0.000295
952 0.000000 0.000291
953 0.000000 0.000289
954 0.000000 0.000287
955 0.000000 0.000294
956 0.000000 0.000291
957 0.000000 0.000285
958 0.000000 0.000294
959 0.000000 0.000286
960 0.000000 0.000288
961 0.000000 0.000287
962 0.000000 0.000286
963 0.000000 0.000285
964 0.000000 0.000283
965 0.000000 0.000287
966 0.000000 0.000276
967 0.000000 0.000283
968 0.000000 0.000283
969 0.000000 0.000284
970 0.000000 0.000281
971 0.000000 0.000279
972 0.000000 0.000278
973 0.000000 0.000276
974 0.000000 0.000270
975 0.000000 0.000279
976 0.000000 0.000276
977 0.000000 0.000273
978 0.000000 0.000268
979 0.000000 0.000276
980 0.000000 0.000271
981 0.000000 0.000277
982 0.000000 0.000270
983 0.000000 0.000276
984 0.000000 0.000273
985 0.000000 0.000278
986 0.000000 0.000273
987 0.000000 0.000268
988 0.000000 0.000274
989 0.000000 0.000262
990 0.000000 0.000265
991 0.000000 0.000267
992 0.000000 0.000270
993 0.000000 0.000263
994 0.000000 0.000266
995 0.000000 0.000267
996 0.000000 0.000263
997 0.000000 0.000259
998 0.000000 0.000257
999 0.000000 0.000257
1000 0.000000 0.000266
1001 0.000000 0.000258
1002 0.000000 0.000259
1003 0.000000 0.000256
1004 0.000000 0.000260
1005 0.000000 0.000261
1006 0.000000 0.000258
1007 0.000000 0.000260
1008 0.000000 0.000257
1009 0.000000 0.000261
1010 0.000000 0.000257
1011 0.000000 0.000250
1012 0.000000 0.000256
1013 0.000000 0.000257
1014 0.000000 0.000252
1015 0.000000 0.000248
1016 0.000000 0.000245
1017 0.000000 0.000248
1018 0.000000 0.000242
1019 0.000000 0.000252
1020 0.000000 0.000249
1021 0.000000 0.000251
1022 0.000000 0.000246
1023 0.000000 0.000242
1024 0.000000 0.000239
1025 0.000000 0.000247
1026 0.000000 0.000239
1027 0.000000 0.000240
1028 0.000000 0.000240
1029 0.000000 0.000240
1030 0.000000 0.000240
1031 0.000000 0.000244
1032 0.000000 0.000239
1033 0.000000 0.000234
1034 0.000000 0.000232
1035 0.000000 0.000243
1036 0.000000 0.000240
1037 0.000000 0.000236
1038 0.000000 0.000238
1039 0.000000 0.000236
1040 0.000000 0.000242
1041 0.000000 0.000230
1042 0.000000 0.000232
1043 0.000000 0.000234
1044 0.000000 0.000233
1045 0.000000 0.000229
1046 0.000000 0.000231
1047 0.000000 0.000232
1048 0.000000 0.000227
1049 0.000000 0.000222
1050 0.000000 0.000237
1051 0.000000 0.000233
1052 0.000000 0.000231
1053 0.000000 0.000224
1054 0.000000 0.000231
1055 0.000000 0.000230
1056 0.000000 0.000230
1057 0.000000 0.000227
1058 0.000000 0.000226
1059 0.000000 0.000225
1060 0.000000 0.000224
1061 0.000000 0.000226
1062 0.000000 0.000222
1063 0.000000 0.000222
1064 0.000000 0.000226
1065 0.000000 0.000225
1066 0.000000 0.000220
1067 0.000000 0.000224
1068 0.000000 0.000219
1069 0.000000 0.000223
1070 0.000000 0.000225
1071 0.000000 0.000224
1072 0.000000 0.000220
1073 0.000000 0.000217
1074 0.000000 0.000217
1075 0.000000 0.000219
1076 0.000000 0.000217
1077 0.000000 0.000218
1078 0.000000 0.000215
1079 0.000000 0.000218
1080 0.000000 0.000209
1081 0.000000 0.000217
1082 0.000000 0.000214
1083 0.000000 0.000210
1084 0.000000 0.000219
1085 0.000000 0.000211
1086 0.000000 0.000213
1087 0.000000 0.000210
1088 0.000000 0.000206
1089 0.000000 0.000212
1090 0.000000 0.000206
1091 0.000000 0.000217
1092 0.000000 0.000205
1093 0.000000 0.000207
1094 0.000000 0.000206
1095 0.000000 0.000203
1096 0.000000 0.000206
1097 0.000000 0.000205
1098 0.000000 0.000204
1099 0.000000 0.000205
1100 0.000000 0.000204
1101 0.000000 0.000206
1102 0.000000 0.000204
1103 0.000000 0.000201
1104 0.000000 0.000205
1105 0.000000 0.000203
1106 0.000000 0.000203
1107 0.000000 0.000203
1108 0.000000 0.000203
1109 0.000000 0.000198
1110 0.000000 0.000196
1111 0.000000 0.000202
1112 0.000000 0.000197
1113 0.000000 0.000199
1114 0.000000 0.000200
1115 0.000000 0.000199
1116 0.000000 0.000198
1117 0.000000 0.000198
1118 0.000000 0.000197
1119 0.000000 0.000197
1120 0.000000 0.000197
1121 0.000000 0.000193
1122 0.000000 0.000198
1123 0.000000 0.000195
1124 0.000000 0.000194
1125 0.000000 0.000194
1126 0.000000 0.000195
1127 0.000000 0.000190
1128 0.000000 0.000194
1129 0.000000 0.000193
1130 0.000000 0.000197
1131 0.000000 0.000194
1132 0.000000 0.000192
1133 0.000000 0.000195
1134 0.000000 0.000194
1135 0.000000 0.000192
1136 0.000000 0.000193
1137 0.000000 0.000193
1138 0.000000 0.000195
1139 0.000000 0.000190
1140 0.000000 0.000192
1141 0.000000 0.000194
1142 0.000000 0.000192
1143 0.000000 0.000190
1144 0.000000 0.000188
1145 0.000000 0.000192
1146 0.000000 0.000190
1147 0.000000 0.000184
1148 0.000000 0.000186
1149 0.000000 0.000191
1150 0.000000 0.000188
1151 0.000000 0.000179
1152 0.000000 0.000185
1153 0.000000 0.000187
1154 0.000000 0.000182
1155 0.000000 0.000186
1156 0.000000 0.000182
1157 0.000000 0.000185
1158 0.000000 0.000185
1159 0.000000 0.000181
1160 0.000000 0.000179
1161 0.000000 0.000182
1162 0.000000 0.000181
1163 0.000000 0.000184
1164 0.000000 0.000181
1165 0.000000 0.000181
1166 0.000000 0.000184
1167 0.000000 0.000182
1168 0.000000 0.000180
1169 0.000000 0.000175
1170 0.000000 0.000181
1171 0.000000 0.000179
1172 0.000000 0.000173
1173 0.000000 0.000177
1174 0.000000 0.000181
1175 0.000000 0.000178
1176 0.000000 0.000176
1177 0.000000 0.000173
1178 0.000000 0.000174
1179 0.000000 0.000178
1180 0.000000 0.000179
1181 0.000000 0.000179
1182 0.000000 0.000175
1183 0.000000 0.000172
1184 0.000000 0.000178
1185 0.000000 0.000175
1186 0.000000 0.000176
1187 0.000000 0.000173
1188 0.000000 0.000171
1189 0.000000 0.000171
1190 0.000000 0.000173
1191 0.000000 0.000175
1192 0.000000 0.000176
1193 0.000000 0.000168
1194 0.000000 0.000171
1195 0.000000 0.000174
1196 0.000000 0.000167
1197 0.000000 0.000174
1198 0.000000 0.000169
1199 0.000000 0.000166
1200 0.000000 0.000171
1201 0.000000 0.000168
1202 0.000000 0.000168
1203 0.000000 0.000166
1204 0.000000 0.000167
1205 0.000000 0.000167
1206 0.000000 0.000165
1207 0.000000 0.000165
1208 0.000000 0.000165
1209 0.000000 0.000164
1210 0.000000 0.000161
1211 0.000000 0.000163
1212 0.000000 0.000165
1213 0.000000 0.000164
1214 0.000000 0.000160
1215 0.000000 0.000161
1216 0.000000 0.000160
1217 0.000000 0.000159
1218 0.000000 0.000164
1219 0.000000 0.000158
1220 0.000000 0.000161
1221 0.000000 0.000161
1222 0.000000 0.000157
1223 0.000000 0.000158
1224 0.000000 0.000161
1225 0.000000 0.000158
1226 0.000000 0.000162
1227 0.000000 0.000155
1228 0.000000 0.000156
1229 0.000000 0.000157
1230 0.000000 0.000155
1231 0.000000 0.000159
1232 0.000000 0.000158
1233 0.000000 0.000162
1234 0.000000 0.000157
1235 0.000000 0.000152
1236 0.000000 0.000155
1237 0.000000 0.000151
1238 0.000000 0.000149
1239 0.000000 0.000151
1240 0.000000 0.000151
1241 0.000000 0.000153
1242 0.000000 0.000155
1243 0.000000 0.000148
1244 0.000000 0.000152
1245 0.000000 0.000152
1246 0.000000 0.000155
1247 0.000000 0.000150
1248 0.000000 0.000156
1249 0.000000 0.000156
1250 0.000000 0.000149
1251 0.000000 0.000149
1252 0.000000 0.000149
1253 0.000000 0.000148
1254 0.000000 0.000147
1255 0.000000 0.000150
1256 0.000000 0.000152
1257 0.000000 0.000146
1258 0.000000 0.000150
1259 0.000000 0.000150
1260 0.000000 0.000145
1261 0.000000 0.000148
1262 0.000000 0.000145
1263 0.000000 0.000145
1264 0.000000 0.000148
1265 0.000000 0.000147
1266 0.000000 0.000146
1267 0.000000 0.000146
1268 0.000000 0.000145
1269 0.000000 0.000146
1270 0.000000 0.000144
1271 0.000000 0.000145
1272 0.000000 0.000144
1273 0.000000 0.000146
1274 0.000000 0.000144
1275 0.000000 0.000144
1276 0.000000 0.000145
1277 0.000000 0.000145
1278 0.000000 0.000144
1279 0.000000 0.000144
1280 0.000000 0.000145
1281 0.000000 0.000145
1282 0.000000 0.000136
1283 0.000000 0.000143
1284 0.000000 0.000144
1285 0.000000 0.000144
1286 0.000000 0.000141
1287 0.000000 0.000136
1288 0.000000 0.000139
1289 0.000000 0.000135
1290 0.000000 0.000141
1291 0.000000 0.000139
1292 0.000000 0.000136
1293 0.000000 0.000144
1294 0.000000 0.000134
1295 0.000000 0.000137
1296 0.000000 0.000142
1297 0.000000 0.000140
1298 0.000000 0.000141
1299 0.000000 0.000140
1300 0.000000 0.000146
1301 0.000000 0.000138
1302 0.000000 0.000138
1303 0.000000 0.000143
1304 0.000000 0.000142
1305 0.000000 0.000141
1306 0.000000 0.000136
1307 0.000000 0.000136
1308 0.000000 0.000143
1309 0.000000 0.000136
1310 0.000000 0.000138
1311 0.000000 0.000140
1312 0.000000 0.000133
1313 0.000000 0.000135
1314 0.000000 0.000132
1315 0.000000 0.000138
1316 0.000000 0.000135
1317 0.000000 0.000133
1318 0.000000 0.000135
1319 0.000000 0.000137
1320 0.000000 0.000133
1321 0.000000 0.000135
1322 0.000000 0.000130
1323 0.000000 0.000134
1324 0.000000 0.000135
1325 0.000000 0.000134
1326 0.000000 0.000137
1327 0.000000 0.000131
1328 0.000000 0.000129
1329 0.000000 0.000135
1330 0.000000 0.000132
1331 0.000000 0.000131
1332 0.000000 0.000134
1333 0.000000 0.000128
1334 0.000000 0.000134
1335 0.000000 0.000133
1336 0.000000 0.000133
1337 0.000000 0.000130
1338 0.000000 0.000127
1339 0.000000 0.000131
1340 0.000000 0.000131
1341 0.000000 0.000135
1342 0.000000 0.000131
1343 0.000000 0.000133
1344 0.000000 0.000132
1345 0.000000 0.000132
1346 0.000000 0.000128
1347 0.000000 0.000131
1348 0.000000 0.000123
1349 0.000000 0.000128
1350 0.000000 0.000136
1351 0.000000 0.000125
1352 0.000000 0.000128
1353 0.000000 0.000130
1354 0.000000 0.000130
1355 0.000000 0.000128
1356 0.000000 0.000125
1357 0.000000 0.000125
1358 0.000000 0.000127
1359 0.000000 0.000126
1360 0.000000 0.000128
1361 0.000000 0.000128
1362 0.000000 0.000129
1363 0.000000 0.000130
1364 0.000000 0.000129
1365 0.000000 0.000127
1366 0.000000 0.000128
1367 0.000000 0.000125
1368 0.000000 0.000124
1369 0.000000 0.000126
1370 0.000000 0.000130
1371 0.000000 0.000125
1372 0.000000 0.000125
1373 0.000000 0.000123
1374 0.000000 0.000122
1375 0.000000 0.000124
1376 0.000000 0.000123
1377 0.000000 0.000122
1378 0.000000 0.000122
1379 0.000000 0.000120
1380 0.000000 0.000123
1381 0.000000 0.000121
1382 0.000000 0.000121
1383 0.000000 0.000120
1384 0.000000 0.000121
1385 0.000000 0.000120
1386 0.000000 0.000121
1387 0.000000 0.000120
1388 0.000000 0.000118
1389 0.000000 0.000114
1390 0.000000 0.000121
1391 0.000000 0.000123
1392 0.000000 0.000121
1393 0.000000 0.000119
1394 0.000000 0.000119
1395 0.000000 0.000118
1396 0.000000 0.000120
1397 0.000000 0.000115
1398 0.000000 0.000121
1399 0.000000 0.000118
1400 0.000000 0.000121
1401 0.000000 0.000121
1402 0.000000 0.000118
1403 0.000000 0.000118
1404 0.000000 0.000118
1405 0.000000 0.000118
1406 0.000000 0.000117
1407 0.000000 0.000120
1408 0.000000 0.000116
1409 0.000000 0.000115
1410 0.000000 0.000113
1411 0.000000 0.000119
1412 0.000000 0.000114
1413 0.000000 0.000115
1414 0.000000 0.000117
1415 0.000000 0.000122
1416 0.000000 0.000115
1417 0.000000 0.000114
1418 0.000000 0.000111
1419 0.000000 0.000116
1420 0.000000 0.000117
1421 0.000000 0.000115
1422 0.000000 0.000118
1423 0.000000 0.000117
1424 0.000000 0.000117
1425 0.000000 0.000117
1426 0.000000 0.000113
1427 0.000000 0.000112
1428 0.000000 0.000114
1429 0.000000 0.000111
1430 0.000000 0.000109
1431 0.000000 0.000111
1432 0.000000 0.000111
1433 0.000000 0.000108
1434 0.000000 0.000111
1435 0.000000 0.000107
1436 0.000000 0.000109
1437 0.000000 0.000112
1438 0.000000 0.000109
1439 0.000000 0.000109
1440 0.000000 0.000106
1441 0.000000 0.000111
1442 0.000000 0.000110
1443 0.000000 0.000113
1444 0.000000 0.000108
1445 0.000000 0.000109
1446 0.000000 0.000112
1447 0.000000 0.000113
1448 0.000000 0.000109
1449 0.000000 0.000111
1450 0.000000 0.000112
1451 0.000000 0.000106
1452 0.000000 0.000108
1453 0.000000 0.000108
1454 0.000000 0.000107
1455 0.000000 0.000107
1456 0.000000 0.000111
1457 0.000000 0.000106
1458 0.000000 0.000105
1459 0.000000 0.000106
1460 0.000000 0.000107
1461 0.000000 0.000104
1462 0.000000 0.000106
1463 0.000000 0.000106
1464 0.000000 0.000108
1465 0.000000 0.000106
1466 0.000000 0.000106
1467 0.000000 0.000102
1468 0.000000 0.000107
1469 0.000000 0.000101
1470 0.000000 0.000104
1471 0.000000 0.000108
1472 0.000000 0.000105
1473 0.000000 0.000103
1474 0.000000 0.000105
1475 0.000000 0.000105
1476 0.000000 0.000103
1477 0.000000 0.000098
1478 0.000000 0.000103
1479 0.000000 0.000102
1480 0.000000 0.000104
1481 0.000000 0.000105
1482 0.000000 0.000104
1483 0.000000 0.000102
1484 0.000000 0.000104
1485 0.000000 0.000103
1486 0.000000 0.000102
1487 0.000000 0.000104
1488 0.000000 0.000102
1489 0.000000 0.000101
1490 0.000000 0.000099
1491 0.000000 0.000096
1492 0.000000 0.000101
1493 0.000000 0.000103
1494 0.000000 0.000104
1495 0.000000 0.000099
1496 0.000000 0.000097
1497 0.000000 0.000100
1498 0.000000 0.000101
1499 0.000000 0.000101
1500 0.000000 0.000097
1501 0.000000 0.000099
1502 0.000000 0.000101
1503 0.000000 0.000094
1504 0.000000 0.000098
1505 0.000000 0.000097
1506 0.000000 0.000095
1507 0.000000 0.000096
1508 0.000000 0.000099
1509 0.000000 0.000100
1510 0.000000 0.000101
1511 0.000000 0.000100
1512 0.000000 0.000103
1513 0.000000 0.000102
1514 0.000000 0.000095
1515 0.000000 0.000096
1516 0.000000 0.000099
1517 0.000000 0.000095
1518 0.000000 0.000097
1519 0.000000 0.000095
1520 0.000000 0.000101
1521 0.000000 0.000100
1522 0.000000 0.000100
1523 0.000000 0.000093
1524 0.000000 0.000097
1525 0.000000 0.000098
1526 0.000000 0.000101
1527 0.000000 0.000096
1528 0.000000 0.000094
1529 0.000000 0.000101
1530 0.000000 0.000098
1531 0.000000 0.000095
1532 0.000000 0.000099
1533 0.000000 0.000101
1534 0.000000 0.000096
1535 0.000000 0.000097
1536 0.000000 0.000100
1537 0.000000 0.000093
1538 0.000000 0.000094
1539 0.000000 0.000097
1540 0.000000 0.000096
1541 0.000000 0.000095
1542 0.000000 0.000095
1543 0.000000 0.000096
1544 0.000000 0.000095
1545 0.000000 0.000094
1546 0.000000 0.000099
1547 0.000000 0.000094
1548 0.000000 0.000097
1549 0.000000 0.000093
1550 0.000000 0.000095
1551 0.000000 0.000097
1552 0.000000 0.000095
1553 0.000000 0.000097
1554 0.000000 0.000097
1555 0.000000 0.000095
1556 0.000000 0.000099
1557 0.000000 0.000096
1558 0.000000 0.000094
1559 0.000000 0.000096
1560 0.000000 0.000095
1561 0.000000 0.000097
1562 0.000000 0.000091
1563 0.000000 0.000093
1564 0.000000 0.000093
1565 0.000000 0.000094
1566 0.000000 0.000095
1567 0.000000 0.000094
1568 0.000000 0.000095
1569 0.000000 0.000090
1570 0.000000 0.000093
1571 0.000000 0.000093
1572 0.000000 0.000092
1573 0.000000 0.000093
1574 0.000000 0.000090
1575 0.000000 0.000093
1576 0.000000 0.000093
1577 0.000000 0.000094
1578 0.000000 0.000090
1579 0.000000 0.000093
1580 0.000000 0.000092
1581 0.000000 0.000093
1582 0.000000 0.000090
1583 0.000000 0.000091
1584 0.000000 0.000089
1585 0.000000 0.000093
1586 0.000000 0.000089
1587 0.000000 0.000092
1588 0.000000 0.000092
1589 0.000000 0.000093
1590 0.000000 0.000091
1591 0.000000 0.000091
1592 0.000000 0.000095
1593 0.000000 0.000090
1594 0.000000 0.000093
1595 0.000000 0.000090
1596 0.000000 0.000090
1597 0.000000 0.000091
1598 0.000000 0.000090
1599 0.000000 0.000088
1600 0.000000 0.000092
1601 0.000000 0.000092
1602 0.000000 0.000087
1603 0.000000 0.000093
1604 0.000000 0.000089
1605 0.000000 0.000093
1606 0.000000 0.000091
1607 0.000000 0.000087
1608 0.000000 0.000088
1609 0.000000 0.000094
1610 0.000000 0.000094
1611 0.000000 0.000093
1612 0.000000 0.000085
1613 0.000000 0.000090
1614 0.000000 0.000092
1615 0.000000 0.000089
1616 0.000000 0.000088
1617 0.000000 0.000094
1618 0.000000 0.000089
1619 0.000000 0.000090
1620 0.000000 0.000085
1621 0.000000 0.000090
1622 0.000000 0.000090
1623 0.000000 0.000089
1624 0.000000 0.000088
1625 0.000000 0.000091
1626 0.000000 0.000085
1627 0.000000 0.000084
1628 0.000000 0.000087
1629 0.000000 0.000086
1630 0.000000 0.000088
1631 0.000000 0.000089
1632 0.000000 0.000087
1633 0.000000 0.000086
1634 0.000000 0.000092
1635 0.000000 0.000086
1636 0.000000 0.000088
1637 0.000000 0.000085
1638 0.000000 0.000086
1639 0.000000 0.000087
1640 0.000000 0.000087
1641 0.000000 0.000086
1642 0.000000 0.000087
1643 0.000000 0.000086
1644 0.000000 0.000084
1645 0.000000 0.000083
1646 0.000000 0.000089
1647 0.000000 0.000090
1648 0.000000 0.000084
1649 0.000000 0.000087
1650 0.000000 0.000084
1651 0.000000 0.000087
1652 0.000000 0.000085
1653 0.000000 0.000080
1654 0.000000 0.000084
1655 0.000000 0.000082
1656 0.000000 0.000085
1657 0.000000 0.000085
1658 0.000000 0.000084
1659 0.000000 0.000084
1660 0.000000 0.000084
1661 0.000000 0.000080
1662 0.000000 0.000084
1663 0.000000 0.000083
1664 0.000000 0.000086
1665 0.000000 0.000087
1666 0.000000 0.000079
1667 0.000000 0.000086
1668 0.000000 0.000086
1669 0.000000 0.000086
1670 0.000000 0.000082
1671 0.000000 0.000085
1672 0.000000 0.000084
1673 0.000000 0.000086
1674 0.000000 0.000083
1675 0.000000 0.000087
1676 0.000000 0.000079
1677 0.000000 0.000082
1678 0.000000 0.000081
1679 0.000000 0.000083
1680 0.000000 0.000079
1681 0.000000 0.000082
1682 0.000000 0.000084
1683 0.000000 0.000081
1684 0.000000 0.000077
1685 0.000000 0.000084
1686 0.000000 0.000080
1687 0.000000 0.000082
1688 0.000000 0.000083
1689 0.000000 0.000082
1690 0.000000 0.000082
1691 0.000000 0.000082
1692 0.000000 0.000077
1693 0.000000 0.000080
1694 0.000000 0.000077
1695 0.000000 0.000081
1696 0.000000 0.000080
1697 0.000000 0.000079
1698 0.000000 0.000078
1699 0.000000 0.000082
1700 0.000000 0.000077
1701 0.000000 0.000082
1702 0.000000 0.000081
1703 0.000000 0.000080
1704 0.000000 0.000081
1705 0.000000 0.000079
1706 0.000000 0.000084
1707 0.000000 0.000079
1708 0.000000 0.000077
1709 0.000000 0.000076
1710 0.000000 0.000079
1711 0.000000 0.000079
1712 0.000000 0.000080
1713 0.000000 0.000077
1714 0.000000 0.000080
1715 0.000000 0.000081
1716 0.000000 0.000080
1717 0.000000 0.000080
1718 0.000000 0.000080
1719 0.000000 0.000083
1720 0.000000 0.000081
1721 0.000000 0.000079
1722 0.000000 0.000081
1723 0.000000 0.000081
1724 0.000000 0.000082
1725 0.000000 0.000086
1726 0.000000 0.000078
1727 0.000000 0.000078
1728 0.000000 0.000079
1729 0.000000 0.000078
1730 0.000000 0.000082
1731 0.000000 0.000077
1732 0.000000 0.000079
1733 0.000000 0.000079
1734 0.000000 0.000077
1735 0.000000 0.000077
1736 0.000000 0.000078
1737 0.000000 0.000078
1738 0.000000 0.000079
1739 0.000000 0.000077
1740 0.000000 0.000078
1741 0.000000 0.000074
1742 0.000000 0.000076
1743 0.000000 0.000076
1744 0.000000 0.000075
1745 0.000000 0.000078
1746 0.000000 0.000076
1747 0.000000 0.000076
1748 0.000000 0.000074
1749 0.000000 0.000078
1750 0.000000 0.000072
1751 0.000000 0.000070
1752 0.000000 0.000075
1753 0.000000 0.000077
1754 0.000000 0.000076
1755 0.000000 0.000077
1756 0.000000 0.000074
1757 0.000000 0.000075
1758 0.000000 0.000074
1759 0.000000 0.000074
1760 0.000000 0.000073
1761 0.000000 0.000072
1762 0.000000 0.000072
1763 0.000000 0.000072
1764 0.000000 0.000075
1765 0.000000 0.000077
1766 0.000000 0.000073
1767 0.000000 0.000075
1768 0.000000 0.000078
1769 0.000000 0.000077
1770 0.000000 0.000073
1771 0.000000 0.000073
1772 0.000000 0.000074
1773 0.000000 0.000072
1774 0.000000 0.000075
1775 0.000000 0.000074
1776 0.000000 0.000074
1777 0.000000 0.000074
1778 0.000000 0.000077
1779 0.000000 0.000073
1780 0.000000 0.000074
1781 0.000000 0.000074
1782 0.000000 0.000073
1783 0.000000 0.000074
1784 0.000000 0.000074
1785 0.000000 0.000074
1786 0.000000 0.000073
1787 0.000000 0.000072
1788 0.000000 0.000072
1789 0.000000 0.000073
1790 0.000000 0.000075
1791 0.000000 0.000077
1792 0.000000 0.000080
1793 0.000000 0.000073
1794 0.000000 0.000076
1795 0.000000 0.000075
1796 0.000000 0.000074
1797 0.000000 0.000075
1798 0.000000 0.000072
1799 0.000000 0.000074
1800 0.000000 0.000075
1801 0.000000 0.000073
1802 0.000000 0.000072
1803 0.000000 0.000073
1804 0.000000 0.000071
1805 0.000000 0.000073
1806 0.000000 0.000074
1807 0.000000 0.000074
1808 0.000000 0.000074
1809 0.000000 0.000074
1810 0.000000 0.000070
1811 0.000000 0.000072
1812 0.000000 0.000070
1813 0.000000 0.000073
1814 0.000000 0.000072
1815 0.000000 0.000072
1816 0.000000 0.000071
1817 0.000000 0.000074
1818 0.000000 0.000071
1819 0.000000 0.000070
1820 0.000000 0.000071
1821 0.000000 0.000075
1822 0.000000 0.000073
1823 0.000000 0.000072
1824 0.000000 0.000072
1825 0.000000 0.000072
1826 0.000000 0.000076
1827 0.000000 0.000072
1828 0.000000 0.000074
1829 0.000000 0.000076
1830 0.000000 0.000072
1831 0.000000 0.000072
1832 0.000000 0.000073
1833 0.000000 0.000074
1834 0.000000 0.000073
1835 0.000000 0.000071
1836 0.000000 0.000071
1837 0.000000 0.000074
1838 0.000000 0.000072
1839 0.000000 0.000073
1840 0.000000 0.000070
1841 0.000000 0.000069
1842 0.000000 0.000072
1843 0.000000 0.000072
1844 0.000000 0.000073
1845 0.000000 0.000073
1846 0.000000 0.000073
1847 0.000000 0.000071
1848 0.000000 0.000071
1849 0.000000 0.000070
1850 0.000000 0.000074
1851 0.000000 0.000070
1852 0.000000 0.000073
1853 0.000000 0.000072
1854 0.000000 0.000069
1855 0.000000 0.000070
1856 0.000000 0.000069
1857 0.000000 0.000072
1858 0.000000 0.000072
1859 0.000000 0.000071
1860 0.000000 0.000072
1861 0.000000 0.000073
1862 0.000000 0.000072
1863 0.000000 0.000072
1864 0.000000 0.000069
1865 0.000000 0.000070
1866 0.000000 0.000070
1867 0.000000 0.000070
1868 0.000000 0.000071
1869 0.000000 0.000069
1870 0.000000 0.000069
1871 0.000000 0.000067
1872 0.000000 0.000070
1873 0.000000 0.000065
1874 0.000000 0.000071
1875 0.000000 0.000070
1876 0.000000 0.000069
1877 0.000000 0.000066
1878 0.000000 0.000069
1879 0.000000 0.000070
1880 0.000000 0.000069
1881 0.000000 0.000068
1882 0.000000 0.000071
1883 0.000000 0.000067
1884 0.000000 0.000069
1885 0.000000 0.000071
1886 0.000000 0.000068
1887 0.000000 0.000069
1888 0.000000 0.000067
1889 0.000000 0.000068
1890 0.000000 0.000071
1891 0.000000 0.000070
1892 0.000000 0.000066
1893 0.000000 0.000069
1894 0.000000 0.000068
1895 0.000000 0.000069
1896 0.000000 0.000067
1897 0.000000 0.000068
1898 0.000000 0.000066
1899 0.000000 0.000069
1900 0.000000 0.000070
1901 0.000000 0.000070
1902 0.000000 0.000067
1903 0.000000 0.000071
1904 0.000000 0.000069
1905 0.000000 0.000064
1906 0.000000 0.000068
1907 0.000000 0.000065
1908 0.000000 0.000067
1909 0.000000 0.000065
1910 0.000000 0.000069
1911 0.000000 0.000065
1912 0.000000 0.000065
1913 0.000000 0.000067
1914 0.000000 0.000069
1915 0.000000 0.000070
1916 0.000000 0.000065
1917 0.000000 0.000069
1918 0.000000 0.000067
1919 0.000000 0.000066
1920 0.000000 0.000067
1921 0.000000 0.000066
1922 0.000000 0.000069
1923 0.000000 0.000068
1924 0.000000 0.000066
1925 0.000000 0.000064
1926 0.000000 0.000065
1927 0.000000 0.000067
1928 0.000000 0.000067
1929 0.000000 0.000064
1930 0.000000 0.000063
1931 0.000000 0.000067
1932 0.000000 0.000067
1933 0.000000 0.000068
1934 0.000000 0.000062
1935 0.000000 0.000064
1936 0.000000 0.000066
1937 0.000000 0.000063
1938 0.000000 0.000067
1939 0.000000 0.000067
1940 0.000000 0.000060
1941 0.000000 0.000062
1942 0.000000 0.000062
1943 0.000000 0.000065
1944 0.000000 0.000062
1945 0.000000 0.000066
1946 0.000000 0.000064
1947 0.000000 0.000061
1948 0.000000 0.000063
1949 0.000000 0.000064
1950 0.000000 0.000064
1951 0.000000 0.000064
1952 0.000000 0.000065
1953 0.000000 0.000063
1954 0.000000 0.000064
1955 0.000000 0.000069
1956 0.000000 0.000066
1957 0.000000 0.000066
1958 0.000000 0.000065
1959 0.000000 0.000068
1960 0.000000 0.000066
1961 0.000000 0.000067
1962 0.000000 0.000064
1963 0.000000 0.000070
1964 0.000000 0.000066
1965 0.000000 0.000064
1966 0.000000 0.000065
1967 0.000000 0.000065
1968 0.000000 0.000065
1969 0.000000 0.000064
1970 0.000000 0.000066
1971 0.000000 0.000064
1972 0.000000 0.000066
1973 0.000000 0.000064
1974 0.000000 0.000064
1975 0.000000 0.000066
1976 0.000000 0.000065
1977 0.000000 0.000066
1978 0.000000 0.000064
1979 0.000000 0.000063
1980 0.000000 0.000063
1981 0.000000 0.000065
1982 0.000000 0.000062
1983 0.000000 0.000065
1984 0.000000 0.000063
1985 0.000000 0.000064
1986 0.000000 0.000061
1987 0.000000 0.000062
1988 0.000000 0.000063
1989 0.000000 0.000062
1990 0.000000 0.000063
1991 0.000000 0.000064
1992 0.000000 0.000060
1993 0.000000 0.000065
1994 0.000000 0.000064
1995 0.000000 0.000063
1996 0.000000 0.000064
1997 0.000000 0.000066
1998 0.000000 0.000064
1999 0.000000 0.000065
2000 0.000000 0.000066
2001 0.000000 0.000063
2002 0.000000 0.000064
2003 0.000000 0.000062
2004 0.000000 0.000062
2005 0.000000 0.000063
2006 0.000000 0.000062
2007 0.000000 0.000064
2008 0.000000 0.000062
2009 0.000000 0.000062
2010 0.000000 0.000064
2011 0.000000 0.000061
2012 0.000000 0.000060
2013 0.000000 0.000066
2014 0.000000 0.000061
2015 0.000000 0.000064
2016 0.000000 0.000064
2017 0.000000 0.000063
2018 0.000000 0.000064
2019 0.000000 0.000065
2020 0.000000 0.000061
2021 0.000000 0.000064
2022 0.000000 0.000063
2023 0.000000 0.000061
2024 0.000000 0.000063
2025 0.000000 0.000064
2026 0.000000 0.000061
2027 0.000000 0.000063
2028 0.000000 0.000064
2029 0.000000 0.000066
2030 0.000000 0.000063
2031 0.000000 0.000063
2032 0.000000 0.000063
2033 0.000000 0.000060
2034 0.000000 0.000062
2035 0.000000 0.000059
2036 0.000000 0.000061
2037 0.000000 0.000061
2038 0.000000 0.000060
2039 0.000000 0.000059
2040 0.000000 0.000062
2041 0.000000 0.000061
2042 0.000000 0.000060
2043 0.000000 0.000060
2044 0.000000 0.000062
2045 0.000000 0.000059
2046 0.000000 0.000061
2047 0.000000 0.000062
2048 0.000000 0.000060
2049 0.000000 0.000061
2050 0.000000 0.000061
2051 0.000000 0.000061
2052 0.000000 0.000062
2053 0.000000 0.000058
2054 0.000000 0.000060
2055 0.000000 0.000061
2056 0.000000 0.000061
2057 0.000000 0.000061
2058 0.000000 0.000061
2059 0.000000 0.000058
2060 0.000000 0.000062
2061 0.000000 0.000060
2062 0.000000 0.000055
2063 0.000000 0.000061
2064 0.000000 0.000058
2065 0.000000 0.000060
2066 0.000000 0.000060
2067 0.000000 0.000059
2068 0.000000 0.000058
2069 0.000000 0.000059
2070 0.000000 0.000059
2071 0.000000 0.000056
2072 0.000000 0.000057
2073 0.000000 0.000058
2074 0.000000 0.000059
2075 0.000000 0.000062
2076 0.000000 0.000061
2077 0.000000 0.000061
2078 0.000000 0.000058
2079 0.000000 0.000057
2080 0.000000 0.000061
2081 0.000000 0.000057
2082 0.000000 0.000059
2083 0.000000 0.000058
2084 0.000000 0.000059
2085 0.000000 0.000059
2086 0.000000 0.000055
2087 0.000000 0.000057
2088 0.000000 0.000057
2089 0.000000 0.000058
2090 0.000000 0.000061
2091 0.000000 0.000057
2092 0.000000 0.000057
2093 0.000000 0.000059
2094 0.000000 0.000055
2095 0.000000 0.000058
2096 0.000000 0.000055
2097 0.000000 0.000055
2098 0.000000 0.000058
2099 0.000000 0.000057
2100 0.000000 0.000057
2101 0.000000 0.000055
2102 0.000000 0.000060
2103 0.000000 0.000057
2104 0.000000 0.000056
2105 0.000000 0.000058
2106 0.000000 0.000058
2107 0.000000 0.000057
2108 0.000000 0.000058
2109 0.000000 0.000054
2110 0.000000 0.000056
2111 0.000000 0.000057
2112 0.000000 0.000060
2113 0.000000 0.000058
2114 0.000000 0.000057
2115 0.000000 0.000057
2116 0.000000 0.000056
2117 0.000000 0.000057
2118 0.000000 0.000058
2119 0.000000 0.000057
2120 0.000000 0.000057
2121 0.000000 0.000055
2122 0.000000 0.000060
2123 0.000000 0.000058
2124 0.000000 0.000055
2125 0.000000 0.000058
2126 0.000000 0.000059
2127 0.000000 0.000056
2128 0.000000 0.000058
2129 0.000000 0.000057
2130 0.000000 0.000057
2131 0.000000 0.000057
2132 0.000000 0.000058
2133 0.000000 0.000057
2134 0.000000 0.000058
2135 0.000000 0.000056
2136 0.000000 0.000057
2137 0.000000 0.000057
2138 0.000000 0.000058
2139 0.000000 0.000056
2140 0.000000 0.000057
2141 0.000000 0.000059
2142 0.000000 0.000058
2143 0.000000 0.000056
2144 0.000000 0.000055
2145 0.000000 0.000055
2146 0.000000 0.000057
2147 0.000000 0.000057
2148 0.000000 0.000057
2149 0.000000 0.000057
2150 0.000000 0.000055
2151 0.000000 0.000057
2152 0.000000 0.000057
2153 0.000000 0.000057
2154 0.000000 0.000055
2155 0.000000 0.000054
2156 0.000000 0.000054
2157 0.000000 0.000054
2158 0.000000 0.000055
2159 0.000000 0.000055
2160 0.000000 0.000056
2161 0.000000 0.000055
2162 0.000000 0.000054
2163 0.000000 0.000053
2164 0.000000 0.000056
2165 0.000000 0.000053
2166 0.000000 0.000056
2167 0.000000 0.000057
2168 0.000000 0.000056
2169 0.000000 0.000055
2170 0.000000 0.000055
2171 0.000000 0.000057
2172 0.000000 0.000057
2173 0.000000 0.000055
2174 0.000000 0.000053
2175 0.000000 0.000059
2176 0.000000 0.000055
2177 0.000000 0.000057
2178 0.000000 0.000056
2179 0.000000 0.000057
2180 0.000000 0.000056
2181 0.000000 0.000058
2182 0.000000 0.000054
2183 0.000000 0.000057
2184 0.000000 0.000054
2185 0.000000 0.000056
2186 0.000000 0.000057
2187 0.000000 0.000055
2188 0.000000 0.000051
2189 0.000000 0.000056
2190 0.000000 0.000060
2191 0.000000 0.000056
2192 0.000000 0.000053
2193 0.000000 0.000052
2194 0.000000 0.000053
2195 0.000000 0.000056
2196 0.000000 0.000056
2197 0.000000 0.000056
2198 0.000000 0.000057
2199 0.000000 0.000053
2200 0.000000 0.000055
2201 0.000000 0.000054
2202 0.000000 0.000055
2203 0.000000 0.000055
2204 0.000000 0.000057
2205 0.000000 0.000058
2206 0.000000 0.000055
2207 0.000000 0.000054
2208 0.000000 0.000055
2209 0.000000 0.000055
2210 0.000000 0.000054
2211 0.000000 0.000052
2212 0.000000 0.000053
2213 0.000000 0.000057
2214 0.000000 0.000055
2215 0.000000 0.000056
2216 0.000000 0.000055
2217 0.000000 0.000053
2218 0.000000 0.000056
2219 0.000000 0.000057
2220 0.000000 0.000055
2221 0.000000 0.000058
2222 0.000000 0.000053
2223 0.000000 0.000055
2224 0.000000 0.000054
2225 0.000000 0.000055
2226 0.000000 0.000050
2227 0.000000 0.000052
2228 0.000000 0.000054
2229 0.000000 0.000055
2230 0.000000 0.000052
2231 0.000000 0.000056
2232 0.000000 0.000054
2233 0.000000 0.000054
2234 0.000000 0.000055
2235 0.000000 0.000055
2236 0.000000 0.000054
2237 0.000000 0.000054
2238 0.000000 0.000056
2239 0.000000 0.000054
2240 0.000000 0.000054
2241 0.000000 0.000055
2242 0.000000 0.000057
2243 0.000000 0.000054
2244 0.000000 0.000055
2245 0.000000 0.000056
2246 0.000000 0.000053
2247 0.000000 0.000053
2248 0.000000 0.000055
2249 0.000000 0.000053
2250 0.000000 0.000056
2251 0.000000 0.000053
2252 0.000000 0.000055
2253 0.000000 0.000054
2254 0.000000 0.000056
2255 0.000000 0.000053
2256 0.000000 0.000053
2257 0.000000 0.000055
2258 0.000000 0.000054
2259 0.000000 0.000052
2260 0.000000 0.000054
2261 0.000000 0.000051
2262 0.000000 0.000051
2263 0.000000 0.000052
2264 0.000000 0.000053
2265 0.000000 0.000053
2266 0.000000 0.000052
2267 0.000000 0.000055
2268 0.000000 0.000053
2269 0.000000 0.000052
2270 0.000000 0.000055
2271 0.000000 0.000053
2272 0.000000 0.000052
2273 0.000000 0.000052
2274 0.000000 0.000052
2275 0.000000 0.000053
2276 0.000000 0.000052
2277 0.000000 0.000053
2278 0.000000 0.000052
2279 0.000000 0.000054
2280 0.000000 0.000053
2281 0.000000 0.000054
2282 0.000000 0.000055
2283 0.000000 0.000055
2284 0.000000 0.000054
2285 0.000000 0.000053
2286 0.000000 0.000053
2287 0.000000 0.000050
2288 0.000000 0.000049
2289 0.000000 0.000051
2290 0.000000 0.000052
2291 0.000000 0.000050
2292 0.000000 0.000052
2293 0.000000 0.000052
2294 0.000000 0.000053
2295 0.000000 0.000053
2296 0.000000 0.000050
2297 0.000000 0.000050
2298 0.000000 0.000054
2299 0.000000 0.000049
2300 0.000000 0.000052
2301 0.000000 0.000050
2302 0.000000 0.000050
2303 0.000000 0.000050
2304 0.000000 0.000052
2305 0.000000 0.000051
2306 0.000000 0.000051
2307 0.000000 0.000051
2308 0.000000 0.000054
2309 0.000000 0.000050
2310 0.000000 0.000053
2311 0.000000 0.000051
2312 0.000000 0.000049
2313 0.000000 0.000050
2314 0.000000 0.000049
2315 0.000000 0.000052
2316 0.000000 0.000047
2317 0.000000 0.000050
2318 0.000000 0.000050
2319 0.000000 0.000052
2320 0.000000 0.000051
2321 0.000000 0.000049
2322 0.000000 0.000050
2323 0.000000 0.000052
2324 0.000000 0.000051
2325 0.000000 0.000049
2326 0.000000 0.000052
2327 0.000000 0.000050
2328 0.000000 0.000050
2329 0.000000 0.000051
2330 0.000000 0.000050
2331 0.000000 0.000049
2332 0.000000 0.000049
2333 0.000000 0.000049
2334 0.000000 0.000048
2335 0.000000 0.000051
2336 0.000000 0.000051
2337 0.000000 0.000052
2338 0.000000 0.000051
2339 0.000000 0.000047
2340 0.000000 0.000051
2341 0.000000 0.000052
2342 0.000000 0.000050
2343 0.000000 0.000050
2344 0.000000 0.000050
2345 0.000000 0.000051
2346 0.000000 0.000049
2347 0.000000 0.000051
2348 0.000000 0.000053
2349 0.000000 0.000051
2350 0.000000 0.000050
2351 0.000000 0.000052
2352 0.000000 0.000049
2353 0.000000 0.000050
2354 0.000000 0.000051
2355 0.000000 0.000051
2356 0.000000 0.000052
2357 0.000000 0.000051
2358 0.000000 0.000047
2359 0.000000 0.000049
2360 0.000000 0.000051
2361 0.000000 0.000053
2362 0.000000 0.000048
2363 0.000000 0.000050
2364 0.000000 0.000050
2365 0.000000 0.000047
2366 0.000000 0.000048
2367 0.000000 0.000049
2368 0.000000 0.000047
2369 0.000000 0.000048
2370 0.000000 0.000047
2371 0.000000 0.000047
2372 0.000000 0.000049
2373 0.000000 0.000050
2374 0.000000 0.000047
2375 0.000000 0.000051
2376 0.000000 0.000048
2377 0.000000 0.000048
2378 0.000000 0.000051
2379 0.000000 0.000050
2380 0.000000 0.000049
2381 0.000000 0.000046
2382 0.000000 0.000048
2383 0.000000 0.000050
2384 0.000000 0.000050
2385 0.000000 0.000049
2386 0.000000 0.000048
2387 0.000000 0.000045
2388 0.000000 0.000051
2389 0.000000 0.000049
2390 0.000000 0.000046
2391 0.000000 0.000048
2392 0.000000 0.000050
2393 0.000000 0.000047
2394 0.000000 0.000047
2395 0.000000 0.000047
2396 0.000000 0.000048
2397 0.000000 0.000047
2398 0.000000 0.000047
2399 0.000000 0.000050
2400 0.000000 0.000050
2401 0.000000 0.000046
2402 0.000000 0.000046
2403 0.000000 0.000050
2404 0.000000 0.000047
2405 0.000000 0.000049
2406 0.000000 0.000049
2407 0.000000 0.000047
2408 0.000000 0.000050
2409 0.000000 0.000051
2410 0.000000 0.000050
2411 0.000000 0.000047
2412 0.000000 0.000047
2413 0.000000 0.000044
2414 0.000000 0.000049
2415 0.000000 0.000049
2416 0.000000 0.000047
2417 0.000000 0.000049
2418 0.000000 0.000047
2419 0.000000 0.000048
2420 0.000000 0.000046
2421 0.000000 0.000047
2422 0.000000 0.000049
2423 0.000000 0.000047
2424 0.000000 0.000047
2425 0.000000 0.000051
2426 0.000000 0.000049
2427 0.000000 0.000046
2428 0.000000 0.000047
2429 0.000000 0.000048
2430 0.000000 0.000048
2431 0.000000 0.000046
2432 0.000000 0.000050
2433 0.000000 0.000046
2434 0.000000 0.000048
2435 0.000000 0.000045
2436 0.000000 0.000046
2437 0.000000 0.000049
2438 0.000000 0.000046
2439 0.000000 0.000047
2440 0.000000 0.000050
2441 0.000000 0.000046
2442 0.000000 0.000046
2443 0.000000 0.000047
2444 0.000000 0.000046
2445 0.000000 0.000046
2446 0.000000 0.000046
2447 0.000000 0.000047
2448 0.000000 0.000045
2449 0.000000 0.000045
2450 0.000000 0.000048
2451 0.000000 0.000048
2452 0.000000 0.000048
2453 0.000000 0.000046
2454 0.000000 0.000048
2455 0.000000 0.000044
2456 0.000000 0.000045
2457 0.000000 0.000048
2458 0.000000 0.000046
2459 0.000000 0.000048
2460 0.000000 0.000047
2461 0.000000 0.000044
2462 0.000000 0.000045
2463 0.000000 0.000044
2464 0.000000 0.000045
2465 0.000000 0.000045
2466 0.000000 0.000047
2467 0.000000 0.000048
2468 0.000000 0.000046
2469 0.000000 0.000047
2470 0.000000 0.000045
2471 0.000000 0.000045
2472 0.000000 0.000045
2473 0.000000 0.000043
2474 0.000000 0.000048
2475 0.000000 0.000044
2476 0.000000 0.000046
2477 0.000000 0.000044
2478 0.000000 0.000043
2479 0.000000 0.000046
2480 0.000000 0.000044
2481 0.000000 0.000046
2482 0.000000 0.000043
2483 0.000000 0.000047
2484 0.000000 0.000046
2485 0.000000 0.000047
2486 0.000000 0.000046
2487 0.000000 0.000046
2488 0.000000 0.000047
2489 0.000000 0.000047
2490 0.000000 0.000046
2491 0.000000 0.000045
2492 0.000000 0.000044
2493 0.000000 0.000047
2494 0.000000 0.000047
2495 0.000000 0.000042
2496 0.000000 0.000041
2497 0.000000 0.000044
2498 0.000000 0.000044
2499 0.000000 0.000048
2500 0.000000 0.000045
2501 0.000000 0.000045
2502 0.000000 0.000044
2503 0.000000 0.000046
2504 0.000000 0.000042
2505 0.000000 0.000045
2506 0.000000 0.000041
2507 0.000000 0.000043
2508 0.000000 0.000044
2509 0.000000 0.000041
2510 0.000000 0.000045
2511 0.000000 0.000043
2512 0.000000 0.000047
2513 0.000000 0.000047
2514 0.000000 0.000045
2515 0.000000 0.000045
2516 0.000000 0.000046
2517 0.000000 0.000046
2518 0.000000 0.000043
2519 0.000000 0.000042
2520 0.000000 0.000043
2521 0.000000 0.000043
2522 0.000000 0.000045
2523 0.000000 0.000042
2524 0.000000 0.000043
2525 0.000000 0.000042
2526 0.000000 0.000041
2527 0.000000 0.000042
2528 0.000000 0.000042
2529 0.000000 0.000042
2530 0.000000 0.000042
2531 0.000000 0.000044
2532 0.000000 0.000040
2533 0.000000 0.000046
2534 0.000000 0.000041
2535 0.000000 0.000041
2536 0.000000 0.000043
2537 0.000000 0.000042
2538 0.000000 0.000044
2539 0.000000 0.000043
2540 0.000000 0.000043
2541 0.000000 0.000043
2542 0.000000 0.000046
2543 0.000000 0.000043
2544 0.000000 0.000044
2545 0.000000 0.000042
2546 0.000000 0.000043
2547 0.000000 0.000043
2548 0.000000 0.000044
2549 0.000000 0.000043
2550 0.000000 0.000044
2551 0.000000 0.000044
2552 0.000000 0.000045
2553 0.000000 0.000042
2554 0.000000 0.000044
2555 0.000000 0.000041
2556 0.000000 0.000041
2557 0.000000 0.000041
2558 0.000000 0.000044
2559 0.000000 0.000042
2560 0.000000 0.000041
2561 0.000000 0.000043
2562 0.000000 0.000041
2563 0.000000 0.000041
2564 0.000000 0.000042
2565 0.000000 0.000041
2566 0.000000 0.000044
2567 0.000000 0.000040
2568 0.000000 0.000043
2569 0.000000 0.000042
2570 0.000000 0.000041
2571 0.000000 0.000043
2572 0.000000 0.000039
2573 0.000000 0.000040
2574 0.000000 0.000042
2575 0.000000 0.000041
2576 0.000000 0.000044
2577 0.000000 0.000041
2578 0.000000 0.000042
2579 0.000000 0.000045
2580 0.000000 0.000043
2581 0.000000 0.000040
2582 0.000000 0.000043
2583 0.000000 0.000041
2584 0.000000 0.000042
2585 0.000000 0.000043
2586 0.000000 0.000041
2587 0.000000 0.000040
2588 0.000000 0.000044
2589 0.000000 0.000041
2590 0.000000 0.000042
2591 0.000000 0.000043
2592 0.000000 0.000041
2593 0.000000 0.000041
2594 0.000000 0.000041
2595 0.000000 0.000040
2596 0.000000 0.000040
2597 0.000000 0.000039
2598 0.000000 0.000040
2599 0.000000 0.066273
