25271075
-200.0 0 0
-199.9 0 0
-199.8 0 0
-199.7 0 0
-199.6 0 0
-199.5 0 0
-199.4 0 0
-199.3 0 0
-199.2 0 0
-199.1 0 0
-199.0 0 0
-198.9 0 0
-198.8 0 0
-198.7 0 0
-198.6 0 0
-198.5 0 0
-198.4 0 0
-198.3 0 0
-198.2 0 0
-198.1 0 0
-198.0 0 0
-197.9 0 0
-197.8 0 0
-197.7 0 0
-197.6 0 0
-197.5 0 0
-197.4 0 0
-197.3 0 0
-197.2 0 0
-197.1 0 0
-197.0 0 0
-196.9 0 0
-196.8 0 0
-196.7 0 0
-196.6 0 0
-196.5 0 0
-196.4 0 0
-196.3 0 0
-196.2 0 0
-196.1 0 0
-196.0 0 0
-195.9 0 0
-195.8 0 0
-195.7 0 0
-195.6 0 0
-195.5 0 0
-195.4 0 0
-195.3 0 0
-195.2 0 0
-195.1 0 0
-195.0 0 0
-194.9 0 0
-194.8 0 0
-194.7 0 0
-194.6 0 0
-194.5 0 0
-194.4 0 0
-194.3 0 0
-194.2 0 0
-194.1 0 0
-194.0 0 0
-193.9 0 0
-193.8 0 0
-193.7 0 0
-193.6 0 0
-193.5 0 0
-193.4 0 0
-193.3 0 0
-193.2 0 0
-193.1 0 0
-193.0 0 0
-192.9 0 0
-192.8 0 0
-192.7 0 0
-192.6 0 0
-192.5 0 0
-192.4 0 0
-192.3 0 0
-192.2 0 0
-192.1 0 0
-192.0 0 0
-191.9 0 0
-191.8 0 0
-191.7 0 0
-191.6 0 0
-191.5 0 0
-191.4 0 0
-191.3 0 0
-191.2 0 0
-191.1 0 0
-191.0 0 0
-190.9 0 0
-190.8 0 0
-190.7 0 0
-190.6 0 0
-190.5 0 0
-190.4 0 0
-190.3 0 0
-190.2 0 0
-190.1 0 0
-190.0 0 0
-189.9 0 0
-189.8 0 0
-189.7 0 0
-189.6 0 0
-189.5 0 0
-189.4 0 0
-189.3 0 0
-189.2 0 0
-189.1 0 0
-189.0 0 0
-188.9 0 0
-188.8 0 0
-188.7 0 0
-188.6 0 0
-188.5 0 0
-188.4 0 0
-188.3 0 0
-188.2 0 0
-188.1 0 0
-188.0 0 0
-187.9 0 0
-187.8 0 0
-187.7 0 0
-187.6 0 0
-187.5 0 0
-187.4 0 0
-187.3 0 0
-187.2 0 0
-187.1 0 0
-187.0 0 0
-186.9 0 0
-186.8 0 0
-186.7 0 0
-186.6 0 0
-186.5 0 0
-186.4 0 0
-186.3 0 0
-186.2 0 0
-186.1 0 0
-186.0 0 0
-185.9 0 0
-185.8 0 0
-185.7 0 0
-185.6 0 0
-185.5 0 0
-185.4 0 0
-185.3 0 0
-185.2 0 0
-185.1 0 0
-185.0 0 0
-184.9 0 0
-184.8 0 0
-184.7 0 0
-184.6 0 0
-184.5 0 0
-184.4 0 0
-184.3 0 0
-184.2 0 0
-184.1 0 0
-184.0 0 0
-183.9 0 0
-183.8 0 0
-183.7 0 0
-183.6 0 0
-183.5 0 0
-183.4 0 0
-183.3 0 0
-183.2 0 0
-183.1 0 0
-183.0 0 0
-182.9 0 0
-182.8 0 0
-182.7 0 0
-182.6 0 0
-182.5 0 0
-182.4 0 0
-182.3 0 0
-182.2 0 0
-182.1 0 0
-182.0 0 0
-181.9 0 0
-181.8 0 0
-181.7 0 0
-181.6 0 0
-181.5 0 0
-181.4 0 0
-181.3 0 0
-181.2 0 0
-181.1 0 0
-181.0 0 0
-180.9 0 0
-180.8 0 0
-180.7 0 0
-180.6 0 0
-180.5 0 0
-180.4 0 0
-180.3 0 0
-180.2 0 0
-180.1 0 0
-180.0 0 0
-179.9 0 0
-179.8 0 0
-179.7 0 0
-179.6 0 0
-179.5 0 0
-179.4 0 0
-179.3 0 0
-179.2 0 0
-179.1 0 0
-179.0 0 0
-178.9 0 0
-178.8 0 0
-178.7 0 0
-178.6 0 0
-178.5 0 0
-178.4 0 0
-178.3 0 0
-178.2 0 0
-178.1 0 0
-178.0 0 0
-177.9 0 0
-177.8 0 0
-177.7 0 0
-177.6 0 0
-177.5 0 0
-177.4 0 0
-177.3 0 0
-177.2 0 0
-177.1 0 0
-177.0 0 0
-176.9 0 0
-176.8 0 0
-176.7 0 0
-176.6 0 0
-176.5 0 0
-176.4 0 0
-176.3 0 0
-176.2 0 0
-176.1 0 0
-176.0 0 0
-175.9 0 0
-175.8 0 0
-175.7 0 0
-175.6 0 0
-175.5 0 0
-175.4 0 0
-175.3 0 0
-175.2 0 0
-175.1 0 0
-175.0 0 0
-174.9 0 0
-174.8 0 0
-174.7 0 0
-174.6 0 0
-174.5 0 0
-174.4 0 0
-174.3 0 0
-174.2 0 0
-174.1 0 0
-174.0 0 0
-173.9 0 0
-173.8 0 0
-173.7 0 0
-173.6 0 0
-173.5 0 0
-173.4 0 0
-173.3 0 0
-173.2 0 0
-173.1 0 0
-173.0 0 0
-172.9 0 0
-172.8 0 0
-172.7 0 0
-172.6 0 0
-172.5 0 0
-172.4 0 0
-172.3 0 0
-172.2 0 0
-172.1 0 0
-172.0 0 0
-171.9 0 0
-171.8 0 0
-171.7 0 0
-171.6 0 0
-171.5 0 0
-171.4 0 0
-171.3 0 0
-171.2 0 0
-171.1 0 0
-171.0 0 0
-170.9 0 0
-170.8 0 0
-170.7 0 0
-170.6 0 0
-170.5 0 0
-170.4 0 0
-170.3 0 0
-170.2 0 0
-170.1 0 0
-170.0 0 0
-169.9 0 0
-169.8 0 0
-169.7 0 0
-169.6 0 0
-169.5 0 0
-169.4 0 0
-169.3 0 0
-169.2 0 0
-169.1 0 0
-169.0 0 0
-168.9 0 0
-168.8 0 0
-168.7 0 0
-168.6 0 0
-168.5 0 0
-168.4 0 0
-168.3 0 0
-168.2 0 0
-168.1 0 0
-168.0 0 0
-167.9 0 0
-167.8 0 0
-167.7 0 0
-167.6 0 0
-167.5 0 0
-167.4 0 0
-167.3 0 0
-167.2 0 0
-167.1 0 0
-167.0 0 0
-166.9 0 0
-166.8 0 0
-166.7 0 0
-166.6 0 0
-166.5 0 0
-166.4 0 0
-166.3 0 0
-166.2 0 0
-166.1 0 0
-166.0 0 0
-165.9 0 0
-165.8 0 0
-165.7 0 0
-165.6 0 0
-165.5 0 0
-165.4 0 0
-165.3 0 0
-165.2 0 0
-165.1 0 0
-165.0 0 0
-164.9 0 0
-164.8 0 0
-164.7 0 0
-164.6 0 0
-164.5 0 0
-164.4 0 0
-164.3 0 0
-164.2 0 0
-164.1 0 0
-164.0 0 0
-163.9 0 0
-163.8 0 0
-163.7 0 0
-163.6 0 0
-163.5 0 0
-163.4 0 0
-163.3 0 0
-163.2 0 0
-163.1 0 0
-163.0 0 0
-162.9 0 0
-162.8 0 0
-162.7 0 0
-162.6 0 0
-162.5 0 0
-162.4 0 0
-162.3 0 0
-162.2 0 0
-162.1 0 0
-162.0 0 0
-161.9 0 0
-161.8 0 0
-161.7 0 0
-161.6 0 0
-161.5 0 0
-161.4 0 0
-161.3 0 0
-161.2 0 0
-161.1 0 0
-161.0 0 0
-160.9 0 0
-160.8 0 0
-160.7 0 0
-160.6 0 0
-160.5 0 0
-160.4 0 0
-160.3 0 0
-160.2 0 0
-160.1 0 0
-160.0 0 0
-159.9 0 0
-159.8 0 0
-159.7 0 0
-159.6 0 0
-159.5 0 0
-159.4 0 0
-159.3 0 0
-159.2 0 0
-159.1 0 0
-159.0 0 0
-158.9 0 0
-158.8 0 0
-158.7 0 0
-158.6 0 0
-158.5 0 0
-158.4 0 0
-158.3 0 0
-158.2 0 0
-158.1 0 0
-158.0 0 0
-157.9 0 0
-157.8 0 0
-157.7 0 0
-157.6 0 0
-157.5 0 0
-157.4 0 0
-157.3 0 0
-157.2 0 0
-157.1 0 0
-157.0 0 0
-156.9 0 0
-156.8 0 0
-156.7 0 0
-156.6 0 0
-156.5 0 0
-156.4 0 0
-156.3 0 0
-156.2 0 0
-156.1 0 0
-156.0 0 0
-155.9 0 0
-155.8 0 0
-155.7 0 0
-155.6 0 0
-155.5 0 0
-155.4 0 0
-155.3 0 0
-155.2 0 0
-155.1 0 0
-155.0 0 0
-154.9 0 0
-154.8 0 0
-154.7 0 0
-154.6 0 0
-154.5 0 0
-154.4 0 0
-154.3 0 0
-154.2 0 0
-154.1 0 0
-154.0 0 0
-153.9 0 0
-153.8 0 0
-153.7 0 0
-153.6 0 0
-153.5 0 0
-153.4 0 0
-153.3 0 0
-153.2 0 0
-153.1 0 0
-153.0 0 0
-152.9 0 0
-152.8 0 0
-152.7 0 0
-152.6 0 0
-152.5 0 0
-152.4 0 0
-152.3 0 0
-152.2 0 0
-152.1 0 0
-152.0 0 0
-151.9 0 0
-151.8 0 0
-151.7 0 0
-151.6 0 0
-151.5 0 0
-151.4 0 0
-151.3 0 0
-151.2 0 0
-151.1 0 0
-151.0 0 0
-150.9 0 0
-150.8 0 0
-150.7 0 0
-150.6 0 0
-150.5 0 0
-150.4 0 0
-150.3 0 0
-150.2 0 0
-150.1 0 0
-150.0 0 0
-149.9 0 0
-149.8 0 0
-149.7 0 0
-149.6 0 0
-149.5 0 0
-149.4 0 0
-149.3 0 0
-149.2 0 0
-149.1 0 0
-149.0 0 0
-148.9 0 0
-148.8 0 0
-148.7 0 0
-148.6 0 0
-148.5 0 0
-148.4 0 0
-148.3 0 0
-148.2 0 0
-148.1 0 0
-148.0 0 0
-147.9 0 0
-147.8 0 0
-147.7 0 0
-147.6 0 0
-147.5 0 0
-147.4 0 0
-147.3 0 0
-147.2 0 0
-147.1 0 0
-147.0 0 0
-146.9 0 0
-146.8 0 0
-146.7 0 0
-146.6 0 0
-146.5 0 0
-146.4 0 0
-146.3 0 0
-146.2 0 0
-146.1 0 0
-146.0 0 0
-145.9 0 0
-145.8 0 0
-145.7 0 0
-145.6 0 0
-145.5 0 0
-145.4 0 0
-145.3 0 0
-145.2 0 0
-145.1 0 0
-145.0 0 0
-144.9 0 0
-144.8 0 0
-144.7 0 0
-144.6 0 0
-144.5 0 0
-144.4 0 0
-144.3 0 0
-144.2 0 0
-144.1 0 0
-144.0 0 0
-143.9 0 0
-143.8 0 0
-143.7 0 0
-143.6 0 0
-143.5 0 0
-143.4 0 0
-143.3 0 0
-143.2 0 0
-143.1 0 0
-143.0 0 0
-142.9 0 0
-142.8 0 0
-142.7 0 0
-142.6 0 0
-142.5 0 0
-142.4 0 0
-142.3 0 0
-142.2 0 0
-142.1 0 0
-142.0 0 0
-141.9 0 0
-141.8 0 0
-141.7 0 0
-141.6 0 0
-141.5 0 0
-141.4 0 0
-141.3 0 0
-141.2 0 0
-141.1 0 0
-141.0 0 0
-140.9 0 0
-140.8 0 0
-140.7 0 0
-140.6 0 0
-140.5 0 0
-140.4 0 0
-140.3 0 0
-140.2 0 0
-140.1 0 0
-140.0 0 0
-139.9 0 0
-139.8 0 0
-139.7 0 0
-139.6 0 0
-139.5 0 0
-139.4 0 0
-139.3 0 0
-139.2 0 0
-139.1 0 0
-139.0 0 0
-138.9 0 0
-138.8 0 0
-138.7 0 0
-138.6 0 0
-138.5 0 0
-138.4 0 0
-138.3 0 0
-138.2 0 0
-138.1 0 0
-138.0 0 0
-137.9 0 0
-137.8 0 0
-137.7 0 0
-137.6 0 0
-137.5 0 0
-137.4 0 0
-137.3 0 0
-137.2 0 0
-137.1 0 0
-137.0 0 0
-136.9 0 0
-136.8 0 0
-136.7 0 0
-136.6 0 0
-136.5 0 0
-136.4 0 0
-136.3 0 0
-136.2 0 0
-136.1 0 0
-136.0 0 0
-135.9 0 0
-135.8 0 0
-135.7 0 0
-135.6 0 0
-135.5 0 0
-135.4 0 0
-135.3 0 0
-135.2 0 0
-135.1 0 0
-135.0 0 0
-134.9 0 0
-134.8 0 0
-134.7 0 0
-134.6 0 0
-134.5 0 0
-134.4 0 0
-134.3 0 0
-134.2 0 0
-134.1 0 0
-134.0 0 0
-133.9 0 0
-133.8 0 0
-133.7 0 0
-133.6 0 0
-133.5 0 0
-133.4 0 0
-133.3 0 0
-133.2 0 0
-133.1 0 0
-133.0 0 0
-132.9 0 0
-132.8 0 0
-132.7 0 0
-132.6 0 0
-132.5 0 0
-132.4 0 0
-132.3 0 0
-132.2 0 0
-132.1 0 0
-132.0 0 0
-131.9 0 0
-131.8 0 0
-131.7 0 0
-131.6 0 0
-131.5 0 0
-131.4 0 0
-131.3 0 0
-131.2 0 0
-131.1 0 0
-131.0 0 0
-130.9 0 0
-130.8 0 0
-130.7 0 0
-130.6 0 0
-130.5 0 0
-130.4 0 0
-130.3 0 0
-130.2 0 0
-130.1 0 0
-130.0 0 0
-129.9 0 0
-129.8 0 0
-129.7 0 0
-129.6 0 0
-129.5 0 0
-129.4 0 0
-129.3 0 0
-129.2 0 0
-129.1 0 0
-129.0 0 0
-128.9 0 0
-128.8 0 0
-128.7 0 0
-128.6 0 0
-128.5 0 0
-128.4 0 0
-128.3 0 0
-128.2 0 0
-128.1 0 0
-128.0 0 0
-127.9 0 0
-127.8 0 0
-127.7 0 0
-127.6 0 0
-127.5 0 0
-127.4 0 0
-127.3 0 0
-127.2 0 0
-127.1 0 0
-127.0 0 0
-126.9 0 0
-126.8 0 0
-126.7 0 0
-126.6 0 0
-126.5 0 0
-126.4 0 0
-126.3 0 0
-126.2 0 0
-126.1 0 0
-126.0 0 0
-125.9 0 0
-125.8 0 0
-125.7 0 0
-125.6 0 0
-125.5 0 0
-125.4 0 0
-125.3 0 0
-125.2 0 0
-125.1 0 0
-125.0 0 0
-124.9 0 0
-124.8 0 0
-124.7 0 0
-124.6 0 0
-124.5 0 0
-124.4 0 0
-124.3 0 0
-124.2 0 0
-124.1 0 0
-124.0 0 0
-123.9 0 0
-123.8 0 0
-123.7 0 0
-123.6 0 0
-123.5 0 0
-123.4 0 0
-123.3 0 0
-123.2 0 0
-123.1 0 0
-123.0 0 0
-122.9 0 0
-122.8 0 0
-122.7 0 0
-122.6 0 0
-122.5 0 0
-122.4 0 0
-122.3 0 0
-122.2 0 0
-122.1 0 0
-122.0 0 0
-121.9 0 0
-121.8 0 0
-121.7 0 0
-121.6 0 0
-121.5 0 0
-121.4 0 0
-121.3 0 0
-121.2 0 0
-121.1 0 0
-121.0 0 0
-120.9 0 0
-120.8 0 0
-120.7 0 0
-120.6 0 0
-120.5 0 0
-120.4 0 0
-120.3 0 0
-120.2 0 0
-120.1 0 0
-120.0 0 0
-119.9 0 0
-119.8 0 0
-119.7 0 0
-119.6 0 0
-119.5 0 0
-119.4 0 0
-119.3 0 0
-119.2 0 0
-119.1 0 0
-119.0 0 0
-118.9 0 0
-118.8 0 0
-118.7 0 0
-118.6 0 0
-118.5 0 0
-118.4 0 0
-118.3 0 0
-118.2 0 0
-118.1 0 0
-118.0 0 0
-117.9 0 0
-117.8 0 0
-117.7 0 0
-117.6 0 0
-117.5 0 0
-117.4 0 0
-117.3 0 0
-117.2 0 0
-117.1 0 0
-117.0 0 0
-116.9 0 0
-116.8 0 0
-116.7 0 0
-116.6 0 0
-116.5 0 0
-116.4 0 0
-116.3 0 0
-116.2 0 0
-116.1 0 0
-116.0 0 0
-115.9 0 0
-115.8 0 0
-115.7 0 0
-115.6 0 0
-115.5 0 0
-115.4 0 0
-115.3 0 0
-115.2 0 0
-115.1 0 0
-115.0 0 0
-114.9 0 0
-114.8 0 0
-114.7 0 0
-114.6 0 0
-114.5 0 0
-114.4 0 0
-114.3 0 0
-114.2 0 0
-114.1 0 0
-114.0 0 0
-113.9 0 0
-113.8 0 0
-113.7 0 0
-113.6 0 0
-113.5 0 0
-113.4 0 0
-113.3 0 0
-113.2 0 0
-113.1 0 0
-113.0 0 0
-112.9 0 0
-112.8 0 0
-112.7 0 0
-112.6 0 0
-112.5 0 0
-112.4 0 0
-112.3 0 0
-112.2 0 0
-112.1 0 0
-112.0 0 0
-111.9 0 0
-111.8 0 0
-111.7 0 0
-111.6 0 0
-111.5 0 0
-111.4 0 0
-111.3 0 0
-111.2 0 0
-111.1 0 0
-111.0 0 0
-110.9 0 0
-110.8 0 0
-110.7 0 0
-110.6 0 0
-110.5 0 0
-110.4 0 0
-110.3 0 0
-110.2 0 0
-110.1 0 0
-110.0 0 0
-109.9 0 0
-109.8 0 0
-109.7 0 0
-109.6 0 0
-109.5 0 0
-109.4 0 0
-109.3 0 0
-109.2 0 0
-109.1 0 0
-109.0 0 0
-108.9 0 0
-108.8 0 0
-108.7 0 0
-108.6 0 0
-108.5 0 0
-108.4 0 0
-108.3 0 0
-108.2 0 0
-108.1 0 0
-108.0 0 0
-107.9 0 0
-107.8 0 0
-107.7 0 0
-107.6 0 0
-107.5 0 0
-107.4 0 0
-107.3 0 0
-107.2 0 0
-107.1 0 0
-107.0 0 0
-106.9 0 0
-106.8 0 0
-106.7 0 0
-106.6 0 0
-106.5 0 0
-106.4 0 0
-106.3 0 0
-106.2 0 0
-106.1 0 0
-106.0 0 0
-105.9 0 0
-105.8 0 0
-105.7 0 0
-105.6 0 0
-105.5 0 0
-105.4 0 0
-105.3 0 0
-105.2 0 0
-105.1 0 0
-105.0 0 0
-104.9 0 0
-104.8 0 0
-104.7 0 0
-104.6 0 0
-104.5 0 0
-104.4 0 0
-104.3 0 0
-104.2 0 0
-104.1 0 0
-104.0 0 0
-103.9 0 0
-103.8 0 0
-103.7 0 0
-103.6 0 0
-103.5 0 0
-103.4 0 0
-103.3 0 0
-103.2 0 0
-103.1 0 0
-103.0 0 0
-102.9 0 0
-102.8 0 0
-102.7 0 0
-102.6 0 0
-102.5 0 0
-102.4 0 0
-102.3 0 0
-102.2 0 0
-102.1 0 0
-102.0 0 0
-101.9 0 0
-101.8 0 0
-101.7 0 0
-101.6 0 0
-101.5 0 0
-101.4 0 0
-101.3 0 0
-101.2 0 0
-101.1 0 0
-101.0 0 0
-100.9 0 0
-100.8 0 0
-100.7 0 0
-100.6 0 0
-100.5 0 0
-100.4 0 0
-100.3 0 0
-100.2 0 0
-100.1 0 0
-100.0 0 0
-99.9 0 0
-99.8 0 0
-99.7 0 0
-99.6 0 0
-99.5 0 0
-99.4 0 0
-99.3 0 0
-99.2 0 0
-99.1 0 0
-99.0 0 0
-98.9 0 0
-98.8 0 0
-98.7 0 0
-98.6 0 0
-98.5 0 0
-98.4 0 0
-98.3 0 0
-98.2 0 0
-98.1 0 0
-98.0 0 0
-97.9 0 0
-97.8 0 0
-97.7 0 0
-97.6 0 0
-97.5 0 0
-97.4 0 0
-97.3 0 0
-97.2 0 0
-97.1 0 0
-97.0 0 0
-96.9 0 0
-96.8 0 0
-96.7 0 0
-96.6 0 0
-96.5 0 0
-96.4 0 0
-96.3 0 0
-96.2 0 0
-96.1 0 0
-96.0 0 0
-95.9 0 0
-95.8 0 0
-95.7 0 0
-95.6 0 0
-95.5 0 0
-95.4 0 0
-95.3 0 0
-95.2 0 0
-95.1 0 0
-95.0 0 0
-94.9 0 0
-94.8 0 0
-94.7 0 0
-94.6 0 0
-94.5 0 0
-94.4 0 0
-94.3 0 0
-94.2 0 0
-94.1 0 0
-94.0 0 0
-93.9 0 0
-93.8 0 0
-93.7 0 0
-93.6 0 0
-93.5 0 0
-93.4 0 0
-93.3 0 0
-93.2 0 0
-93.1 0 0
-93.0 0 0
-92.9 0 0
-92.8 0 0
-92.7 0 0
-92.6 0 0
-92.5 0 0
-92.4 0 0
-92.3 0 0
-92.2 0 0
-92.1 0 0
-92.0 0 0
-91.9 0 0
-91.8 0 0
-91.7 0 0
-91.6 0 0
-91.5 0 0
-91.4 0 0
-91.3 0 0
-91.2 0 0
-91.1 0 0
-91.0 0 0
-90.9 0 0
-90.8 0 0
-90.7 0 0
-90.6 0 0
-90.5 0 0
-90.4 0 0
-90.3 0 0
-90.2 0 0
-90.1 0 0
-90.0 0 0
-89.9 0 0
-89.8 0 0
-89.7 0 0
-89.6 0 0
-89.5 0 0
-89.4 0 0
-89.3 0 0
-89.2 0 0
-89.1 0 0
-89.0 0 0
-88.9 0 0
-88.8 0 0
-88.7 0 0
-88.6 0 0
-88.5 0 0
-88.4 0 0
-88.3 0 0
-88.2 0 0
-88.1 0 0
-88.0 0 0
-87.9 0 0
-87.8 0 0
-87.7 0 0
-87.6 0 0
-87.5 0 0
-87.4 0 0
-87.3 0 0
-87.2 0 0
-87.1 0 0
-87.0 0 0
-86.9 0 0
-86.8 0 0
-86.7 0 0
-86.6 0 0
-86.5 0 0
-86.4 0 0
-86.3 0 0
-86.2 0 0
-86.1 0 0
-86.0 0 0
-85.9 0 0
-85.8 0 0
-85.7 0 0
-85.6 0 0
-85.5 0 0
-85.4 0 0
-85.3 0 0
-85.2 0 0
-85.1 0 0
-85.0 0 0
-84.9 0 0
-84.8 0 0
-84.7 0 0
-84.6 0 0
-84.5 0 0
-84.4 0 0
-84.3 0 0
-84.2 0 0
-84.1 0 0
-84.0 0 0
-83.9 0 0
-83.8 0 0
-83.7 0 0
-83.6 0 0
-83.5 0 0
-83.4 0 0
-83.3 0 0
-83.2 0 0
-83.1 0 0
-83.0 0 0
-82.9 0 0
-82.8 0 0
-82.7 0 0
-82.6 0 0
-82.5 0 0
-82.4 0 0
-82.3 0 0
-82.2 0 0
-82.1 0 0
-82.0 0 0
-81.9 0 1
-81.8 0 1
-81.7 0 0
-81.6 0 0
-81.5 0 0
-81.4 0 0
-81.3 0 0
-81.2 0 0
-81.1 0 0
-81.0 0 3
-80.9 0 1
-80.8 0 2
-80.7 0 1
-80.6 0 1
-80.5 0 1
-80.4 0 2
-80.3 0 2
-80.2 0 5
-80.1 0 3
-80.0 0 2
-79.9 0 3
-79.8 0 2
-79.7 0 1
-79.6 0 1
-79.5 0 2
-79.4 0 6
-79.3 0 5
-79.2 0 8
-79.1 0 6
-79.0 0 7
-78.9 0 4
-78.8 0 8
-78.7 0 13
-78.6 0 8
-78.5 0 16
-78.4 0 8
-78.3 0 7
-78.2 0 3
-78.1 0 11
-78.0 0 12
-77.9 0 15
-77.8 0 7
-77.7 0 13
-77.6 0 15
-77.5 0 22
-77.4 0 15
-77.3 0 12
-77.2 0 26
-77.1 0 19
-77.0 0 14
-76.9 0 18
-76.8 0 20
-76.7 0 23
-76.6 0 25
-76.5 0 26
-76.4 0 31
-76.3 0 30
-76.2 0 27
-76.1 0 41
-76.0 0 36
-75.9 0 29
-75.8 0 39
-75.7 0 38
-75.6 0 42
-75.5 0 37
-75.4 0 37
-75.3 0 38
-75.2 0 37
-75.1 0 44
-75.0 0 46
-74.9 0 60
-74.8 0 49
-74.7 0 46
-74.6 0 62
-74.5 0 57
-74.4 0 69
-74.3 0 88
-74.2 0 89
-74.1 0 79
-74.0 0 64
-73.9 0 71
-73.8 0 79
-73.7 0 86
-73.6 0 89
-73.5 0 84
-73.4 0 94
-73.3 0 90
-73.2 0 99
-73.1 0 104
-73.0 0 100
-72.9 0 123
-72.8 0 123
-72.7 0 105
-72.6 0 123
-72.5 0 142
-72.4 0 132
-72.3 0 128
-72.2 0 154
-72.1 0 171
-72.0 0 156
-71.9 0 159
-71.8 0 163
-71.7 0 175
-71.6 0 186
-71.5 0 191
-71.4 0 198
-71.3 0 208
-71.2 0 243
-71.1 0 213
-71.0 0 224
-70.9 0 228
-70.8 0 230
-70.7 0 258
-70.6 0 262
-70.5 0 271
-70.4 0 276
-70.3 0 315
-70.2 0 304
-70.1 0 315
-70.0 0 299
-69.9 0 311
-69.8 0 376
-69.7 0 347
-69.6 0 379
-69.5 0 362
-69.4 0 396
-69.3 0 428
-69.2 0 387
-69.1 0 404
-69.0 0 427
-68.9 0 425
-68.8 0 419
-68.7 0 464
-68.6 0 449
-68.5 0 496
-68.4 0 508
-68.3 0 487
-68.2 0 527
-68.1 0 553
-68.0 0 550
-67.9 0 605
-67.8 0 570
-67.7 0 583
-67.6 0 656
-67.5 0 625
-67.4 0 649
-67.3 0 692
-67.2 0 697
-67.1 0 700
-67.0 0 758
-66.9 0 747
-66.8 0 742
-66.7 0 772
-66.6 0 789
-66.5 0 796
-66.4 0 841
-66.3 0 823
-66.2 0 914
-66.1 0 858
-66.0 0 922
-65.9 0 928
-65.8 0 967
-65.7 0 1044
-65.6 0 1062
-65.5 0 1094
-65.4 0 1030
-65.3 0 1086
-65.2 0 1118
-65.1 0 1150
-65.0 0 1245
-64.9 0 1264
-64.8 0 1283
-64.7 0 1301
-64.6 0 1223
-64.5 0 1348
-64.4 0 1319
-64.3 0 1332
-64.2 0 1429
-64.1 0 1460
-64.0 0 1362
-63.9 0 1537
-63.8 0 1527
-63.7 0 1498
-63.6 0 1570
-63.5 0 1600
-63.4 0 1754
-63.3 0 1691
-63.2 0 1806
-63.1 0 1752
-63.0 0 1809
-62.9 0 1823
-62.8 0 1852
-62.7 0 1874
-62.6 0 1940
-62.5 0 1981
-62.4 0 2054
-62.3 0 2053
-62.2 0 2075
-62.1 0 2145
-62.0 0 2163
-61.9 0 2194
-61.8 0 2301
-61.7 0 2236
-61.6 0 2347
-61.5 0 2327
-61.4 0 2339
-61.3 0 2382
-61.2 0 2481
-61.1 0 2508
-61.0 0 2553
-60.9 0 2642
-60.8 0 2663
-60.7 0 2710
-60.6 0 2691
-60.5 0 2736
-60.4 0 2800
-60.3 0 2842
-60.2 0 2874
-60.1 0 2896
-60.0 0 2989
-59.9 0 3093
-59.8 0 3127
-59.7 0 3161
-59.6 0 3220
-59.5 0 3280
-59.4 0 3211
-59.3 0 3305
-59.2 0 3283
-59.1 0 3414
-59.0 0 3410
-58.9 0 3454
-58.8 0 3584
-58.7 0 3710
-58.6 0 3744
-58.5 0 3705
-58.4 0 3900
-58.3 0 3877
-58.2 0 3930
-58.1 0 3897
-58.0 0 4036
-57.9 0 4029
-57.8 0 4176
-57.7 0 4258
-57.6 0 4186
-57.5 0 4406
-57.4 0 4393
-57.3 0 4420
-57.2 0 4555
-57.1 0 4515
-57.0 0 4660
-56.9 0 4714
-56.8 0 4760
-56.7 0 4821
-56.6 0 4866
-56.5 0 4847
-56.4 0 5009
-56.3 0 5085
-56.2 0 5148
-56.1 0 5129
-56.0 0 5106
-55.9 0 5212
-55.8 0 5306
-55.7 0 5574
-55.6 0 5530
-55.5 0 5465
-55.4 0 5659
-55.3 0 5529
-55.2 0 5876
-55.1 0 5839
-55.0 0 5895
-54.9 0 5981
-54.8 0 5956
-54.7 2 6040
-54.6 0 6172
-54.5 0 6207
-54.4 0 6347
-54.3 0 6339
-54.2 0 6448
-54.1 0 6648
-54.0 0 6526
-53.9 1 6705
-53.8 2 6596
-53.7 0 6795
-53.6 1 6808
-53.5 1 6957
-53.4 1 6870
-53.3 1 7087
-53.2 0 7100
-53.1 0 7107
-53.0 0 7255
-52.9 2 7298
-52.8 1 7420
-52.7 1 7280
-52.6 1 7259
-52.5 1 7534
-52.4 0 7604
-52.3 0 7684
-52.2 1 7729
-52.1 2 7843
-52.0 2 7825
-51.9 1 7997
-51.8 0 7966
-51.7 3 7927
-51.6 3 8089
-51.5 2 8340
-51.4 2 8341
-51.3 0 8283
-51.2 3 8461
-51.1 1 8469
-51.0 0 8389
-50.9 0 8673
-50.8 3 8558
-50.7 2 8665
-50.6 2 8727
-50.5 1 8955
-50.4 2 8896
-50.3 5 9013
-50.2 2 9047
-50.1 3 9127
-50.0 0 9331
-49.9 2 9430
-49.8 2 9385
-49.7 0 9487
-49.6 1 9300
-49.5 0 9545
-49.4 4 9549
-49.3 4 9734
-49.2 5 9541
-49.1 5 9822
-49.0 2 10040
-48.9 3 9911
-48.8 2 9987
-48.7 5 10166
-48.6 2 10144
-48.5 3 10195
-48.4 2 10406
-48.3 5 10277
-48.2 8 10309
-48.1 1 10531
-48.0 1 10671
-47.9 0 10507
-47.8 4 10460
-47.7 8 10756
-47.6 4 10713
-47.5 6 10682
-47.4 8 10805
-47.3 7 11024
-47.2 7 11111
-47.1 6 11291
-47.0 3 11340
-46.9 8 11369
-46.8 5 11344
-46.7 10 11568
-46.6 9 11479
-46.5 5 11466
-46.4 3 11618
-46.3 10 11815
-46.2 4 11787
-46.1 7 11834
-46.0 7 11743
-45.9 5 11952
-45.8 7 12053
-45.7 7 12106
-45.6 6 12119
-45.5 7 12338
-45.4 8 12296
-45.3 8 12467
-45.2 10 12262
-45.1 6 12557
-45.0 8 12650
-44.9 8 12837
-44.8 11 12666
-44.7 17 12704
-44.6 13 12807
-44.5 4 13060
-44.4 11 12951
-44.3 12 13160
-44.2 11 13078
-44.1 6 13258
-44.0 8 13461
-43.9 24 13321
-43.8 11 13234
-43.7 9 13551
-43.6 18 13427
-43.5 15 13472
-43.4 16 13514
-43.3 13 13741
-43.2 10 13750
-43.1 11 13612
-43.0 11 13805
-42.9 25 14014
-42.8 14 13701
-42.7 24 13995
-42.6 25 14198
-42.5 14 14041
-42.4 19 14295
-42.3 18 14364
-42.2 14 14319
-42.1 22 14532
-42.0 22 14641
-41.9 22 14653
-41.8 19 14854
-41.7 27 14808
-41.6 29 14757
-41.5 24 14696
-41.4 25 15127
-41.3 39 14872
-41.2 27 14824
-41.1 23 15203
-41.0 22 15125
-40.9 41 15246
-40.8 28 15335
-40.7 35 15283
-40.6 36 15471
-40.5 24 15419
-40.4 36 15687
-40.3 34 15752
-40.2 43 15951
-40.1 34 15729
-40.0 33 15969
-39.9 42 16189
-39.8 33 15849
-39.7 31 16038
-39.6 53 16044
-39.5 50 16383
-39.4 38 16269
-39.3 37 16422
-39.2 39 16474
-39.1 41 16393
-39.0 50 16544
-38.9 51 16519
-38.8 50 16442
-38.7 48 16697
-38.6 56 16671
-38.5 47 16696
-38.4 59 16664
-38.3 73 16947
-38.2 45 16837
-38.1 54 16739
-38.0 67 17168
-37.9 64 17148
-37.8 78 17087
-37.7 53 17445
-37.6 66 17178
-37.5 69 17023
-37.4 77 17401
-37.3 96 17331
-37.2 66 17408
-37.1 74 17617
-37.0 94 17489
-36.9 75 17631
-36.8 92 17612
-36.7 92 17657
-36.6 85 17823
-36.5 92 17713
-36.4 99 18110
-36.3 110 17755
-36.2 118 17954
-36.1 94 17989
-36.0 134 18156
-35.9 109 18186
-35.8 102 18270
-35.7 107 18415
-35.6 112 18454
-35.5 96 18347
-35.4 140 18590
-35.3 135 18414
-35.2 145 18634
-35.1 137 18511
-35.0 142 18997
-34.9 136 18783
-34.8 148 18796
-34.7 149 19040
-34.6 170 18921
-34.5 150 19008
-34.4 197 18874
-34.3 168 18840
-34.2 177 19200
-34.1 151 18928
-34.0 188 19260
-33.9 192 19441
-33.8 185 19445
-33.7 214 19203
-33.6 231 19363
-33.5 239 19332
-33.4 209 19380
-33.3 231 19457
-33.2 225 19647
-33.1 215 19830
-33.0 247 19769
-32.9 228 19747
-32.8 236 19862
-32.7 263 19907
-32.6 267 19624
-32.5 264 20082
-32.4 259 20101
-32.3 311 19926
-32.2 288 20185
-32.1 313 20443
-32.0 295 20040
-31.9 314 20162
-31.8 321 19980
-31.7 328 20508
-31.6 344 20004
-31.5 330 20416
-31.4 376 20213
-31.3 374 20641
-31.2 342 20472
-31.1 359 20602
-31.0 343 20948
-30.9 359 20575
-30.8 455 20563
-30.7 439 20798
-30.6 433 21019
-30.5 409 20670
-30.4 422 20995
-30.3 469 21183
-30.2 509 20834
-30.1 458 21133
-30.0 489 21193
-29.9 497 21275
-29.8 507 20985
-29.7 504 21396
-29.6 515 21420
-29.5 534 21199
-29.4 532 21601
-29.3 524 21811
-29.2 542 21413
-29.1 594 21361
-29.0 627 21412
-28.9 614 21544
-28.8 579 21464
-28.7 583 21725
-28.6 651 21731
-28.5 656 21784
-28.4 658 21732
-28.3 692 21880
-28.2 759 21696
-28.1 717 21778
-28.0 728 22023
-27.9 690 21840
-27.8 778 22148
-27.7 735 22485
-27.6 793 22041
-27.5 814 21890
-27.4 827 21936
-27.3 866 22473
-27.2 888 22148
-27.1 873 22050
-27.0 933 22012
-26.9 946 22529
-26.8 903 22339
-26.7 1032 22550
-26.6 966 22309
-26.5 1017 22597
-26.4 1041 22620
-26.3 1082 22675
-26.2 1143 22429
-26.1 1116 22753
-26.0 1123 22303
-25.9 1070 22582
-25.8 1131 22445
-25.7 1128 22818
-25.6 1215 22814
-25.5 1258 23040
-25.4 1277 22735
-25.3 1263 22949
-25.2 1325 22807
-25.1 1350 23025
-25.0 1393 22787
-24.9 1475 23744
-24.8 1389 22828
-24.7 1449 23269
-24.6 1495 23698
-24.5 1512 23208
-24.4 1623 23528
-24.3 1542 23283
-24.2 1648 23254
-24.1 1653 23580
-24.0 1730 23558
-23.9 1771 23664
-23.8 1815 23109
-23.7 1860 23634
-23.6 1840 23556
-23.5 1966 24571
-23.4 1883 23683
-23.3 1972 23801
-23.2 2043 23814
-23.1 2135 23930
-23.0 2130 23778
-22.9 2129 23741
-22.8 2254 23833
-22.7 2206 23962
-22.6 2359 24228
-22.5 2378 23692
-22.4 2343 24043
-22.3 2516 24543
-22.2 2460 23935
-22.1 2501 24463
-22.0 2612 24175
-21.9 2615 24600
-21.8 2734 24452
-21.7 2849 24252
-21.6 2811 24631
-21.5 2900 24601
-21.4 2956 24325
-21.3 3099 24405
-21.2 2952 24454
-21.1 3151 25267
-21.0 3184 24514
-20.9 3252 24465
-20.8 3272 24753
-20.7 3472 25112
-20.6 3423 24767
-20.5 3562 24601
-20.4 3605 24757
-20.3 3781 25351
-20.2 3739 24928
-20.1 3811 25022
-20.0 3877 24615
-19.9 4046 25823
-19.8 3865 24985
-19.7 4077 25378
-19.6 4216 25210
-19.5 4305 25229
-19.4 4449 25526
-19.3 4568 25262
-19.2 4546 25618
-19.1 4657 25484
-19.0 4840 25317
-18.9 4784 25622
-18.8 4919 25747
-18.7 5020 27003
-18.6 5100 26251
-18.5 5335 25640
-18.4 5643 25703
-18.3 5590 25579
-18.2 5637 25962
-18.1 5760 26205
-18.0 5821 26251
-17.9 6088 26207
-17.8 6014 26125
-17.7 6339 26336
-17.6 6415 26470
-17.5 6568 26071
-17.4 6581 26951
-17.3 6870 26257
-17.2 6857 26775
-17.1 6964 26503
-17.0 7169 26538
-16.9 7439 27231
-16.8 7530 26570
-16.7 7496 26448
-16.6 7641 26862
-16.5 8232 26807
-16.4 8133 26870
-16.3 8334 26479
-16.2 8440 26636
-16.1 8544 26574
-16.0 9045 27504
-15.9 8870 26947
-15.8 9210 27057
-15.7 9241 26876
-15.6 9419 27011
-15.5 9647 27603
-15.4 10151 27484
-15.3 9759 26984
-15.2 10276 27048
-15.1 10629 28421
-15.0 10708 27393
-14.9 10978 27370
-14.8 11220 27624
-14.7 11538 28103
-14.6 11812 27888
-14.5 11888 27646
-14.4 12413 28132
-14.3 12363 27935
-14.2 12622 28396
-14.1 12845 27834
-14.0 12933 27828
-13.9 13488 27795
-13.8 13444 27965
-13.7 13703 27852
-13.6 14105 27673
-13.5 14745 27866
-13.4 14622 28094
-13.3 14846 28112
-13.2 15548 32070
-13.1 15744 28620
-13.0 16053 28462
-12.9 16071 28769
-12.8 16386 28399
-12.7 16539 28336
-12.6 17226 28482
-12.5 17504 28460
-12.4 17854 28540
-12.3 18194 28548
-12.2 18592 28329
-12.1 19092 28960
-12.0 19465 28827
-11.9 19888 28546
-11.8 20324 29627
-11.7 20746 28978
-11.6 21147 28481
-11.5 22168 28588
-11.4 21980 28666
-11.3 22339 29772
-11.2 23120 28858
-11.1 23267 28615
-11.0 23884 29045
-10.9 24185 29359
-10.8 24484 28946
-10.7 25367 28555
-10.6 25701 28612
-10.5 26742 28720
-10.4 27200 28493
-10.3 27451 28657
-10.2 28458 31341
-10.1 28540 28507
-10.0 29587 28791
-9.9 29618 28698
-9.8 30385 28370
-9.7 31114 28816
-9.6 31699 30114
-9.5 32403 29163
-9.4 34093 28877
-9.3 34349 28680
-9.2 34708 32410
-9.1 36048 29516
-9.0 35514 28955
-8.9 37064 29163
-8.8 37603 29172
-8.7 38384 30721
-8.6 39422 30774
-8.5 39881 29213
-8.4 40505 29580
-8.3 42232 31222
-8.2 42619 29130
-8.1 43227 29700
-8.0 44219 29082
-7.9 45270 29363
-7.8 46193 29185
-7.7 46671 29479
-7.6 46967 29480
-7.5 48640 29034
-7.4 49031 29746
-7.3 49920 29213
-7.2 51147 29151
-7.1 64613 29043
-7.0 57560 42088
-6.9 57785 31410
-6.8 58890 30861
-6.7 58814 30592
-6.6 61570 30800
-6.5 61635 30492
-6.4 61730 30336
-6.3 63329 30247
-6.2 64509 30283
-6.1 65492 30389
-6.0 67448 30457
-5.9 68063 30639
-5.8 71634 30541
-5.7 74098 33610
-5.6 74052 31672
-5.5 75057 31425
-5.4 82557 31456
-5.3 80826 38398
-5.2 80879 32059
-5.1 82020 32011
-5.0 83745 32305
-4.9 85119 31422
-4.8 101946 31844
-4.7 91982 42985
-4.6 93627 33857
-4.5 93387 32865
-4.4 95687 33142
-4.3 105552 38615
-4.2 99886 33977
-4.1 102382 33798
-4.0 104688 33837
-3.9 105896 34589
-3.8 107073 33898
-3.7 109014 33411
-3.6 183860 45058
-3.5 118652 44064
-3.4 123601 36403
-3.3 123113 36106
-3.2 122262 35537
-3.1 123989 34405
-3.0 128278 35555
-2.9 143170 35596
-2.8 139731 52463
-2.7 137173 38055
-2.6 140421 37164
-2.5 140577 37575
-2.4 194731 39952
-2.3 154432 66801
-2.2 160096 41955
-2.1 157267 40649
-2.0 157230 40891
-1.9 158435 40415
-1.8 210781 39873
-1.7 176615 80516
-1.6 177978 47764
-1.5 174551 41583
-1.4 273975 72717
-1.3 194305 49711
-1.2 224133 45465
-1.1 194536 51896
-1.0 216805 48461
-0.9 199148 49997
-0.8 204258 46617
-0.7 205894 47088
-0.6 210060 46707
-0.5 207764 49689
-0.4 215973 46225
-0.3 212381 46976
-0.2 215539 47428
-0.1 216083 46848
0.0 805129 656367
0.1 217310 93099
0.2 211070 68626
0.3 210836 65823
0.4 211887 65812
0.5 218103 67638
0.6 212200 60686
0.7 213977 66295
0.8 211589 65744
0.9 210765 72024
1.0 208884 63674
1.1 214971 71302
1.2 201468 65041
1.3 200376 64528
1.4 202816 67109
1.5 201353 63296
1.6 189307 61888
1.7 188828 58856
1.8 181849 55648
1.9 187074 57315
2.0 175570 53947
2.1 171020 50797
2.2 166872 48051
2.3 169196 53639
2.4 159687 46374
2.5 158987 49477
2.6 159076 45915
2.7 149686 47076
2.8 148167 48496
2.9 145032 44981
3.0 142904 42878
3.1 136563 40402
3.2 132522 39283
3.3 130435 38433
3.4 126541 36734
3.5 127438 38868
3.6 121945 35919
3.7 120259 36144
3.8 119493 36430
3.9 113354 35431
4.0 111547 36583
4.1 108489 35042
4.2 106909 33583
4.3 104192 32769
4.4 101301 31658
4.5 100442 31991
4.6 97910 31134
4.7 96270 31561
4.8 92990 28586
4.9 90646 30003
5.0 89713 29778
5.1 88185 30078
5.2 86195 29014
5.3 82866 28579
5.4 80699 28171
5.5 78911 27345
5.6 78404 27789
5.7 76709 27587
5.8 75129 26264
5.9 73459 27526
6.0 70747 25897
6.1 70952 26240
6.2 67910 25742
6.3 66475 25059
6.4 65466 25003
6.5 63966 24944
6.6 62409 24605
6.7 61276 24215
6.8 59843 24012
6.9 58902 23522
7.0 57897 23602
7.1 57193 24175
7.2 55927 23343
7.3 54694 23724
7.4 53781 22879
7.5 52199 23021
7.6 51940 22966
7.7 51108 22842
7.8 49648 22727
7.9 47619 22374
8.0 46953 22071
8.1 45866 21990
8.2 44803 21840
8.3 44851 22053
8.4 43451 21187
8.5 42551 21359
8.6 42176 21510
8.7 41309 21260
8.8 40713 21053
8.9 39531 21032
9.0 38875 20787
9.1 38726 20930
9.2 38032 20641
9.3 37151 20492
9.4 36511 20265
9.5 35881 20618
9.6 35273 19733
9.7 34669 20171
9.8 33904 19949
9.9 33024 19600
10.0 33065 19606
10.1 32269 19864
10.2 31201 19625
10.3 31031 19435
10.4 30269 19320
10.5 29978 19308
10.6 28979 19003
10.7 28708 19557
10.8 28113 18923
10.9 27612 19002
11.0 27720 18778
11.1 26723 18747
11.2 26305 18697
11.3 25711 18710
11.4 25857 18571
11.5 25000 18542
11.6 24793 18831
11.7 24106 18270
11.8 23524 18255
11.9 23652 18506
12.0 23014 18300
12.1 22424 17936
12.2 22314 18164
12.3 21768 17754
12.4 21195 17817
12.5 21390 17974
12.6 20852 17802
12.7 20414 17644
12.8 19891 17692
12.9 20063 17661
13.0 19241 17289
13.1 19151 17430
13.2 18798 17229
13.3 18805 17098
13.4 18126 17340
13.5 18080 17064
13.6 17348 17035
13.7 17397 16919
13.8 17032 16879
13.9 16871 16885
14.0 16444 16812
14.1 16363 16613
14.2 15611 16640
14.3 15974 16530
14.4 15433 16273
14.5 15224 16487
14.6 14766 16657
14.7 14611 16225
14.8 14149 16349
14.9 14158 16161
15.0 13966 16286
15.1 14009 15992
15.2 13711 16316
15.3 13233 15904
15.4 13387 15921
15.5 13396 15777
15.6 12741 15599
15.7 12677 15754
15.8 12331 15518
15.9 12173 15780
16.0 12131 15465
16.1 11733 15622
16.2 11556 15463
16.3 11355 15330
16.4 11476 15486
16.5 11585 15434
16.6 10991 15362
16.7 11210 15125
16.8 10949 15057
16.9 10638 15068
17.0 10557 14996
17.1 10356 14989
17.2 10348 14974
17.3 10260 14683
17.4 9966 14998
17.5 9774 14438
17.6 9607 14849
17.7 9342 14524
17.8 9479 14809
17.9 9097 14527
18.0 8880 14596
18.1 8791 14199
18.2 8759 14573
18.3 8730 14619
18.4 8539 14467
18.5 8575 14192
18.6 8338 14264
18.7 8218 14197
18.8 8112 14358
18.9 7943 13945
19.0 7874 14321
19.1 7533 14060
19.2 7731 13753
19.3 7609 13896
19.4 7520 14248
19.5 7327 14079
19.6 7295 13872
19.7 6941 13957
19.8 7057 14085
19.9 6691 13786
20.0 7082 13770
20.1 6972 13467
20.2 6580 13733
20.3 6462 13796
20.4 6274 13570
20.5 6382 13368
20.6 6430 13409
20.7 6182 13311
20.8 6071 13123
20.9 6059 13391
21.0 6011 13464
21.1 5943 13165
21.2 5987 13228
21.3 5767 13203
21.4 5805 13089
21.5 5569 12856
21.6 5697 12905
21.7 5345 13001
21.8 5235 12986
21.9 5228 12848
22.0 5299 12947
22.1 5090 12496
22.2 5076 12770
22.3 5138 12792
22.4 5022 12781
22.5 5008 12715
22.6 4823 12640
22.7 4726 12574
22.8 4799 12702
22.9 4770 12633
23.0 4673 12589
23.1 4561 12316
23.2 4642 12428
23.3 4478 12376
23.4 4378 12095
23.5 4207 12464
23.6 4223 12100
23.7 4037 11994
23.8 4155 12250
23.9 4003 12170
24.0 4060 12215
24.1 4010 12181
24.2 3922 12049
24.3 3812 12026
24.4 3918 11899
24.5 3779 12045
24.6 3666 11975
24.7 3993 11683
24.8 3763 11848
24.9 3508 11768
25.0 3565 11826
25.1 3624 11808
25.2 3460 11711
25.3 3352 11445
25.4 3371 11672
25.5 3442 11573
25.6 3164 11539
25.7 3391 11835
25.8 3273 11719
25.9 3209 11276
26.0 3086 11393
26.1 3140 11431
26.2 3217 11536
26.3 3145 11209
26.4 3151 11229
26.5 3033 11306
26.6 2928 11172
26.7 2996 11207
26.8 2836 11177
26.9 2899 11057
27.0 2834 11160
27.1 2754 11121
27.2 2685 10980
27.3 2683 10849
27.4 2626 11008
27.5 2615 10918
27.6 2599 10895
27.7 2521 11205
27.8 2497 10998
27.9 2470 10932
28.0 2424 10677
28.1 2488 10688
28.2 2447 10579
28.3 2465 10717
28.4 2471 10752
28.5 2495 10531
28.6 2335 10656
28.7 2272 10589
28.8 2253 10628
28.9 2342 10505
29.0 2389 10548
29.1 2151 10493
29.2 2104 10517
29.3 2189 10343
29.4 2109 10273
29.5 2063 10520
29.6 2030 10314
29.7 2100 10217
29.8 1959 10328
29.9 1868 10184
30.0 2004 10184
30.1 1961 10280
30.2 1900 10471
30.3 1938 10210
30.4 1823 10171
30.5 1865 10047
30.6 1823 10200
30.7 1846 10000
30.8 1896 9947
30.9 1815 9920
31.0 1773 10027
31.1 1762 9866
31.2 1669 10074
31.3 1710 9930
31.4 1673 10006
31.5 1637 9769
31.6 1593 9851
31.7 1596 9792
31.8 1555 9737
31.9 1644 9636
32.0 1609 9746
32.1 1493 9546
32.2 1571 9642
32.3 1535 9756
32.4 1530 9637
32.5 1530 9573
32.6 1531 9775
32.7 1527 9504
32.8 1381 9511
32.9 1364 9490
33.0 1425 9444
33.1 1402 9389
33.2 1382 9342
33.3 1290 9208
33.4 1429 9370
33.5 1392 9434
33.6 1293 9455
33.7 1272 9287
33.8 1273 9345
33.9 1317 9108
34.0 1271 9054
34.1 1233 9217
34.2 1290 9068
34.3 1236 9106
34.4 1266 9164
34.5 1227 9222
34.6 1225 8868
34.7 1152 8879
34.8 1224 8978
34.9 1154 8839
35.0 1183 9144
35.1 1181 8850
35.2 1108 8769
35.3 1091 8983
35.4 1087 8994
35.5 1137 8939
35.6 1045 8709
35.7 1052 9014
35.8 1063 8679
35.9 1011 8829
36.0 1039 8781
36.1 986 8859
36.2 1008 8604
36.3 954 8600
36.4 990 8581
36.5 986 8720
36.6 974 8692
36.7 991 8383
36.8 952 8516
36.9 902 8648
37.0 908 8426
37.1 889 8606
37.2 929 8331
37.3 901 8467
37.4 864 8294
37.5 865 8323
37.6 912 8301
37.7 832 8494
37.8 848 8288
37.9 811 8160
38.0 814 8356
38.1 783 8129
38.2 803 8253
38.3 820 8281
38.4 772 8235
38.5 775 8093
38.6 781 8057
38.7 782 8116
38.8 787 8061
38.9 708 7948
39.0 761 7980
39.1 765 7959
39.2 705 8005
39.3 717 7973
39.4 680 8023
39.5 672 7900
39.6 680 7785
39.7 698 7930
39.8 732 7840
39.9 704 7779
40.0 656 7873
40.1 673 7808
40.2 676 7603
40.3 682 7659
40.4 622 7660
40.5 571 7750
40.6 647 7723
40.7 627 7753
40.8 591 7786
40.9 609 7703
41.0 610 7646
41.1 584 7548
41.2 594 7635
41.3 607 7601
41.4 583 7601
41.5 577 7580
41.6 573 7318
41.7 574 7526
41.8 536 7408
41.9 544 7543
42.0 525 7559
42.1 532 7606
42.2 472 7298
42.3 538 7423
42.4 491 7256
42.5 515 7340
42.6 514 7378
42.7 463 7322
42.8 481 7562
42.9 478 7373
43.0 486 7205
43.1 476 7344
43.2 431 7141
43.3 462 7277
43.4 463 7108
43.5 436 7010
43.6 424 7150
43.7 461 7173
43.8 462 7078
43.9 456 7201
44.0 412 7067
44.1 414 7066
44.2 414 7117
44.3 409 7109
44.4 438 7108
44.5 398 6961
44.6 433 7157
44.7 400 6849
44.8 413 7115
44.9 380 7048
45.0 386 6902
45.1 352 7019
45.2 393 7117
45.3 380 7085
45.4 375 6898
45.5 363 6982
45.6 372 6860
45.7 381 6905
45.8 309 6909
45.9 347 6881
46.0 354 6779
46.1 357 6868
46.2 351 6695
46.3 351 6959
46.4 328 6975
46.5 318 6812
46.6 332 6734
46.7 284 6736
46.8 299 6722
46.9 325 6808
47.0 298 6701
47.1 329 6525
47.2 308 6606
47.3 320 6681
47.4 279 6634
47.5 306 6595
47.6 304 6626
47.7 274 6628
47.8 258 6360
47.9 297 6545
48.0 273 6618
48.1 272 6496
48.2 265 6658
48.3 293 6501
48.4 266 6471
48.5 308 6477
48.6 265 6354
48.7 258 6193
48.8 238 6458
48.9 259 6353
49.0 272 6296
49.1 264 6311
49.2 255 6342
49.3 255 6207
49.4 251 6212
49.5 231 6328
49.6 259 6207
49.7 231 6099
49.8 207 6248
49.9 250 6155
50.0 237 6405
50.1 237 6291
50.2 255 6195
50.3 238 6180
50.4 228 6153
50.5 194 6233
50.6 220 6216
50.7 233 6072
50.8 239 6156
50.9 232 6096
51.0 200 5915
51.1 185 5979
51.2 179 5820
51.3 183 6088
51.4 172 6143
51.5 222 5989
51.6 191 5923
51.7 202 5945
51.8 150 5931
51.9 199 5907
52.0 193 5832
52.1 197 5984
52.2 201 5904
52.3 188 5765
52.4 177 5882
52.5 183 5887
52.6 217 5902
52.7 203 5773
52.8 166 5796
52.9 172 5860
53.0 181 5714
53.1 159 5929
53.2 142 5822
53.3 155 5759
53.4 177 5717
53.5 160 5828
53.6 140 5846
53.7 167 5662
53.8 122 5562
53.9 146 5708
54.0 160 5609
54.1 172 5622
54.2 141 5683
54.3 141 5515
54.4 120 5630
54.5 139 5619
54.6 132 5586
54.7 123 5577
54.8 138 5459
54.9 151 5563
55.0 145 5560
55.1 131 5509
55.2 125 5588
55.3 148 5537
55.4 129 5352
55.5 120 5494
55.6 110 5515
55.7 117 5468
55.8 115 5422
55.9 101 5432
56.0 124 5457
56.1 119 5522
56.2 120 5420
56.3 124 5350
56.4 100 5431
56.5 119 5240
56.6 107 5409
56.7 122 5409
56.8 103 5376
56.9 92 5436
57.0 111 5314
57.1 99 5328
57.2 95 5210
57.3 102 5133
57.4 103 5208
57.5 94 5256
57.6 107 5236
57.7 98 5160
57.8 103 5193
57.9 105 5090
58.0 77 5247
58.1 94 5133
58.2 89 5172
58.3 83 5118
58.4 75 5012
58.5 86 5069
58.6 82 4959
58.7 71 5129
58.8 69 4928
58.9 83 5029
59.0 82 5165
59.1 88 5159
59.2 68 4935
59.3 87 4985
59.4 91 4984
59.5 92 5004
59.6 79 4970
59.7 67 5034
59.8 80 4846
59.9 69 4861
60.0 84 4959
60.1 69 5007
60.2 78 4779
60.3 83 4919
60.4 75 4844
60.5 75 4822
60.6 66 5056
60.7 64 4893
60.8 62 4836
60.9 76 4807
61.0 51 4838
61.1 65 4876
61.2 61 4802
61.3 60 4875
61.4 56 4856
61.5 53 4767
61.6 64 4802
61.7 45 4725
61.8 51 4728
61.9 60 4694
62.0 60 4799
62.1 65 4716
62.2 55 4685
62.3 43 4688
62.4 60 4757
62.5 62 4679
62.6 51 4741
62.7 51 4757
62.8 55 4571
62.9 44 4729
63.0 57 4722
63.1 44 4613
63.2 52 4550
63.3 51 4569
63.4 49 4510
63.5 40 4755
63.6 42 4620
63.7 48 4525
63.8 50 4526
63.9 46 4514
64.0 41 4558
64.1 37 4511
64.2 38 4496
64.3 31 4506
64.4 34 4509
64.5 41 4522
64.6 53 4562
64.7 41 4502
64.8 42 4434
64.9 44 4387
65.0 30 4521
65.1 43 4622
65.2 32 4425
65.3 43 4551
65.4 49 4525
65.5 36 4427
65.6 32 4442
65.7 34 4383
65.8 40 4399
65.9 37 4373
66.0 30 4363
66.1 27 4351
66.2 33 4289
66.3 24 4346
66.4 40 4366
66.5 20 4349
66.6 45 4315
66.7 35 4235
66.8 28 4232
66.9 35 4386
67.0 37 4304
67.1 28 4341
67.2 28 4271
67.3 30 4187
67.4 25 4076
67.5 29 4292
67.6 22 4138
67.7 23 4222
67.8 28 4227
67.9 31 4197
68.0 23 4105
68.1 18 4112
68.2 21 4123
68.3 13 4156
68.4 26 4127
68.5 21 4194
68.6 21 4030
68.7 22 4064
68.8 31 3949
68.9 18 4126
69.0 29 4105
69.1 20 4086
69.2 11 4040
69.3 16 4126
69.4 19 4026
69.5 22 4040
69.6 16 4029
69.7 29 3949
69.8 17 4060
69.9 17 4030
70.0 17 4113
70.1 19 4000
70.2 18 3990
70.3 14 4035
70.4 21 3889
70.5 18 3965
70.6 18 3955
70.7 16 4088
70.8 17 4021
70.9 14 4002
71.0 20 3851
71.1 8 3937
71.2 15 3940
71.3 14 3888
71.4 10 3884
71.5 15 3901
71.6 16 3885
71.7 20 3771
71.8 15 3954
71.9 11 3865
72.0 11 3982
72.1 19 3883
72.2 12 3786
72.3 9 3920
72.4 14 3878
72.5 12 3914
72.6 15 3777
72.7 17 3759
72.8 7 3853
72.9 12 3848
73.0 15 3795
73.1 16 3669
73.2 10 3800
73.3 8 3785
73.4 8 3771
73.5 13 3771
73.6 14 3757
73.7 16 3785
73.8 13 3726
73.9 18 3771
74.0 14 3735
74.1 10 3707
74.2 10 3738
74.3 13 3732
74.4 11 3754
74.5 12 3696
74.6 14 3747
74.7 11 3680
74.8 9 3626
74.9 8 3683
75.0 13 3712
75.1 13 3744
75.2 6 3763
75.3 8 3752
75.4 14 3724
75.5 8 3658
75.6 5 3706
75.7 8 3671
75.8 7 3625
75.9 7 3715
76.0 9 3626
76.1 10 3659
76.2 16 3532
76.3 12 3547
76.4 10 3502
76.5 9 3537
76.6 11 3560
76.7 15 3464
76.8 13 3588
76.9 5 3541
77.0 9 3546
77.1 14 3569
77.2 11 3397
77.3 11 3471
77.4 14 3530
77.5 9 3551
77.6 7 3466
77.7 6 3468
77.8 6 3488
77.9 8 3449
78.0 9 3510
78.1 12 3541
78.2 4 3496
78.3 5 3508
78.4 8 3518
78.5 9 3481
78.6 7 3473
78.7 6 3439
78.8 6 3490
78.9 10 3369
79.0 8 3398
79.1 7 3288
79.2 11 3265
79.3 3 3511
79.4 9 3400
79.5 8 3270
79.6 8 3359
79.7 4 3445
79.8 2 3386
79.9 1 3280
80.0 10 3304
80.1 3 3332
80.2 8 3368
80.3 2 3293
80.4 5 3241
80.5 8 3355
80.6 7 3308
80.7 5 3400
80.8 5 3259
80.9 12 3362
81.0 6 3303
81.1 9 3258
81.2 3 3267
81.3 8 3278
81.4 2 3288
81.5 3 3255
81.6 8 3223
81.7 2 3171
81.8 7 3238
81.9 4 3248
82.0 3 3181
82.1 2 3142
82.2 5 3215
82.3 6 3260
82.4 4 3242
82.5 5 3264
82.6 3 3181
82.7 2 3229
82.8 10 3219
82.9 5 3218
83.0 4 3203
83.1 5 3144
83.2 2 3073
83.3 1 3097
83.4 1 3264
83.5 1 3158
83.6 6 3107
83.7 4 3185
83.8 1 3146
83.9 7 3093
84.0 0 3031
84.1 4 3124
84.2 1 3133
84.3 4 3156
84.4 3 3129
84.5 2 3061
84.6 3 3107
84.7 2 3129
84.8 3 3048
84.9 1 3130
85.0 2 3022
85.1 1 3081
85.2 3 3215
85.3 0 3049
85.4 1 2988
85.5 3 3001
85.6 1 3031
85.7 4 3036
85.8 3 3052
85.9 3 2934
86.0 4 2934
86.1 2 3068
86.2 1 3081
86.3 4 2990
86.4 2 2981
86.5 2 3015
86.6 3 2986
86.7 1 2923
86.8 3 2945
86.9 3 2969
87.0 1 2919
87.1 2 2920
87.2 0 2901
87.3 1 2889
87.4 1 2928
87.5 1 2899
87.6 2 2968
87.7 2 2912
87.8 1 2951
87.9 1 2880
88.0 2 2935
88.1 2 2897
88.2 1 2943
88.3 0 2887
88.4 1 2902
88.5 0 2857
88.6 2 2853
88.7 5 2849
88.8 1 2873
88.9 0 2848
89.0 2 2848
89.1 0 2822
89.2 1 2806
89.3 1 2781
89.4 1 2794
89.5 0 2901
89.6 1 2900
89.7 1 2818
89.8 2 2796
89.9 1 2780
90.0 1 2815
90.1 1 2818
90.2 1 2762
90.3 0 2849
90.4 3 2802
90.5 1 2879
90.6 1 2747
90.7 3 2786
90.8 1 2737
90.9 0 2835
91.0 0 2684
91.1 2 2687
91.2 0 2780
91.3 3 2772
91.4 0 2753
91.5 1 2747
91.6 0 2801
91.7 1 2771
91.8 3 2752
91.9 1 2792
92.0 1 2667
92.1 1 2716
92.2 3 2614
92.3 4 2691
92.4 3 2702
92.5 0 2662
92.6 2 2656
92.7 1 2667
92.8 2 2745
92.9 2 2675
93.0 2 2580
93.1 0 2717
93.2 0 2712
93.3 1 2641
93.4 1 2634
93.5 2 2657
93.6 3 2612
93.7 0 2591
93.8 3 2620
93.9 2 2593
94.0 1 2665
94.1 0 2549
94.2 0 2495
94.3 0 2576
94.4 0 2537
94.5 0 2593
94.6 1 2631
94.7 0 2566
94.8 0 2528
94.9 0 2556
95.0 1 2516
95.1 1 2541
95.2 0 2514
95.3 2 2390
95.4 0 2532
95.5 0 2556
95.6 1 2436
95.7 1 2508
95.8 0 2561
95.9 1 2508
96.0 0 2517
96.1 1 2561
96.2 2 2505
96.3 0 2616
96.4 1 2523
96.5 1 2513
96.6 1 2576
96.7 0 2476
96.8 0 2377
96.9 1 2514
97.0 0 2432
97.1 0 2374
97.2 0 2405
97.3 0 2396
97.4 1 2543
97.5 0 2486
97.6 3 2425
97.7 3 2447
97.8 2 2371
97.9 0 2434
98.0 0 2499
98.1 0 2459
98.2 0 2368
98.3 1 2313
98.4 0 2404
98.5 0 2442
98.6 2 2368
98.7 0 2239
98.8 0 2444
98.9 0 2489
99.0 0 2376
99.1 0 2469
99.2 0 2428
99.3 1 2327
99.4 1 2358
99.5 2 2340
99.6 0 2459
99.7 3 2390
99.8 0 2402
99.9 0 2360
100.0 0 2443
100.1 0 2359
100.2 1 2272
100.3 0 2258
100.4 0 2268
100.5 0 2371
100.6 0 2354
100.7 0 2399
100.8 1 2383
100.9 0 2405
101.0 0 2369
101.1 0 2228
101.2 0 2251
101.3 0 2370
101.4 0 2283
101.5 0 2240
101.6 0 2322
101.7 0 2187
101.8 0 2259
101.9 0 2236
102.0 0 2261
102.1 0 2287
102.2 0 2273
102.3 0 2180
102.4 0 2221
102.5 0 2235
102.6 1 2279
102.7 0 2159
102.8 0 2158
102.9 0 2228
103.0 1 2222
103.1 0 2155
103.2 0 2164
103.3 0 2148
103.4 0 2214
103.5 0 2229
103.6 0 2159
103.7 0 2168
103.8 0 2185
103.9 0 2196
104.0 0 2214
104.1 1 2195
104.2 0 2158
104.3 0 2197
104.4 0 2248
104.5 0 2173
104.6 0 2068
104.7 0 2166
104.8 0 2132
104.9 0 2090
105.0 0 2232
105.1 0 2091
105.2 0 2067
105.3 0 2174
105.4 0 2139
105.5 0 2131
105.6 0 2148
105.7 0 2177
105.8 0 2080
105.9 0 2152
106.0 0 2120
106.1 0 2103
106.2 0 2137
106.3 0 2103
106.4 0 2178
106.5 0 2162
106.6 0 2095
106.7 0 2087
106.8 0 2045
106.9 0 1988
107.0 0 2109
107.1 0 2018
107.2 0 2032
107.3 0 2028
107.4 0 1953
107.5 0 2072
107.6 0 2147
107.7 0 2088
107.8 0 2120
107.9 0 2073
108.0 0 1983
108.1 0 2032
108.2 0 2021
108.3 0 2124
108.4 0 2079
108.5 0 2029
108.6 0 2045
108.7 0 2082
108.8 0 2049
108.9 0 2000
109.0 0 2044
109.1 0 2037
109.2 0 2040
109.3 0 2016
109.4 0 2030
109.5 0 2051
109.6 0 2024
109.7 0 1993
109.8 0 2015
109.9 0 2010
110.0 0 2038
110.1 0 2058
110.2 0 1983
110.3 0 1977
110.4 0 1973
110.5 0 1956
110.6 0 1988
110.7 0 2079
110.8 0 1900
110.9 0 1992
111.0 0 1930
111.1 0 2011
111.2 0 1949
111.3 0 2069
111.4 0 1952
111.5 0 1912
111.6 0 1932
111.7 0 1993
111.8 0 1829
111.9 0 1887
112.0 0 1936
112.1 0 1904
112.2 0 1843
112.3 0 1905
112.4 0 1948
112.5 0 1955
112.6 0 1865
112.7 0 1888
112.8 0 1920
112.9 0 1882
113.0 0 1891
113.1 0 1882
113.2 0 1843
113.3 0 1918
113.4 0 1834
113.5 0 1931
113.6 0 1902
113.7 0 1901
113.8 0 1880
113.9 0 1813
114.0 0 1831
114.1 0 1943
114.2 0 1923
114.3 0 1857
114.4 0 1864
114.5 0 1815
114.6 0 1947
114.7 0 1824
114.8 0 1757
114.9 0 1880
115.0 0 1831
115.1 0 1779
115.2 0 1816
115.3 0 1833
115.4 0 1763
115.5 0 1846
115.6 0 1793
115.7 0 1872
115.8 0 1791
115.9 0 1802
116.0 0 1808
116.1 0 1809
116.2 0 1792
116.3 0 1722
116.4 0 1823
116.5 0 1827
116.6 0 1852
116.7 0 1799
116.8 0 1834
116.9 0 1778
117.0 0 1743
117.1 0 1782
117.2 0 1872
117.3 0 1747
117.4 0 1741
117.5 0 1841
117.6 0 1834
117.7 0 1801
117.8 0 1825
117.9 0 1739
118.0 0 1792
118.1 0 1748
118.2 0 1739
118.3 0 1731
118.4 0 1723
118.5 0 1703
118.6 0 1620
118.7 0 1728
118.8 0 1697
118.9 0 1669
119.0 0 1758
119.1 0 1754
119.2 0 1784
119.3 0 1763
119.4 0 1696
119.5 0 1716
119.6 0 1701
119.7 0 1700
119.8 0 1681
119.9 0 1706
120.0 0 1716
120.1 0 1676
120.2 0 1753
120.3 0 1775
120.4 0 1677
120.5 0 1663
120.6 0 1688
120.7 0 1678
120.8 0 1686
120.9 0 1723
121.0 0 1768
121.1 0 1777
121.2 0 1643
121.3 0 1614
121.4 0 1714
121.5 0 1682
121.6 0 1616
121.7 0 1607
121.8 0 1615
121.9 0 1602
122.0 0 1700
122.1 0 1689
122.2 0 1583
122.3 0 1637
122.4 0 1647
122.5 0 1614
122.6 0 1683
122.7 0 1567
122.8 0 1570
122.9 0 1642
123.0 0 1559
123.1 0 1546
123.2 0 1626
123.3 0 1583
123.4 0 1624
123.5 0 1594
123.6 0 1656
123.7 0 1602
123.8 0 1633
123.9 0 1607
124.0 0 1616
124.1 0 1591
124.2 0 1578
124.3 0 1629
124.4 0 1497
124.5 0 1577
124.6 0 1609
124.7 0 1525
124.8 0 1627
124.9 0 1543
125.0 0 1578
125.1 0 1541
125.2 0 1526
125.3 0 1589
125.4 0 1518
125.5 0 1551
125.6 0 1590
125.7 0 1603
125.8 0 1610
125.9 0 1524
126.0 0 1480
126.1 0 1611
126.2 0 1564
126.3 0 1540
126.4 0 1598
126.5 0 1478
126.6 0 1494
126.7 0 1539
126.8 0 1658
126.9 0 1588
127.0 0 1613
127.1 0 1490
127.2 0 1544
127.3 0 1528
127.4 0 1523
127.5 0 1480
127.6 0 1445
127.7 0 1464
127.8 0 1558
127.9 0 1489
128.0 0 1448
128.1 0 1440
128.2 0 1508
128.3 0 1473
128.4 0 1496
128.5 0 1480
128.6 0 1525
128.7 0 1472
128.8 0 1474
128.9 0 1518
129.0 0 1417
129.1 0 1444
129.2 0 1472
129.3 0 1510
129.4 0 1513
129.5 0 1491
129.6 0 1419
129.7 0 1424
129.8 0 1509
129.9 0 1467
130.0 0 1471
130.1 0 1463
130.2 0 1489
130.3 0 1494
130.4 0 1442
130.5 0 1451
130.6 0 1398
130.7 0 1484
130.8 0 1359
130.9 0 1430
131.0 0 1450
131.1 0 1431
131.2 0 1404
131.3 0 1407
131.4 0 1483
131.5 0 1468
131.6 0 1430
131.7 0 1439
131.8 0 1479
131.9 0 1422
132.0 0 1383
132.1 0 1412
132.2 0 1458
132.3 0 1418
132.4 0 1484
132.5 0 1410
132.6 0 1392
132.7 0 1407
132.8 0 1348
132.9 0 1382
133.0 0 1400
133.1 0 1407
133.2 0 1371
133.3 0 1397
133.4 0 1431
133.5 0 1382
133.6 0 1414
133.7 0 1404
133.8 0 1341
133.9 0 1487
134.0 0 1446
134.1 0 1348
134.2 0 1442
134.3 0 1343
134.4 0 1377
134.5 0 1391
134.6 0 1371
134.7 0 1417
134.8 0 1348
134.9 0 1338
135.0 0 1344
135.1 0 1316
135.2 0 1421
135.3 0 1356
135.4 0 1311
135.5 0 1396
135.6 0 1427
135.7 0 1385
135.8 0 1379
135.9 0 1351
136.0 0 1350
136.1 0 1352
136.2 0 1352
136.3 0 1305
136.4 0 1277
136.5 0 1352
136.6 0 1371
136.7 0 1268
136.8 0 1320
136.9 0 1318
137.0 0 1271
137.1 0 1284
137.2 0 1324
137.3 0 1342
137.4 0 1250
137.5 0 1305
137.6 0 1267
137.7 0 1291
137.8 0 1334
137.9 0 1312
138.0 0 1301
138.1 0 1327
138.2 0 1229
138.3 0 1263
138.4 0 1283
138.5 0 1341
138.6 0 1247
138.7 0 1277
138.8 0 1278
138.9 0 1238
139.0 0 1317
139.1 0 1315
139.2 0 1311
139.3 0 1374
139.4 0 1346
139.5 0 1297
139.6 0 1292
139.7 0 1204
139.8 0 1243
139.9 0 1292
140.0 0 1311
140.1 0 1265
140.2 0 1260
140.3 0 1226
140.4 0 1257
140.5 0 1365
140.6 0 1228
140.7 0 1289
140.8 0 1221
140.9 0 1284
141.0 0 1200
141.1 0 1225
141.2 0 1258
141.3 0 1217
141.4 0 1183
141.5 0 1195
141.6 0 1218
141.7 0 1218
141.8 0 1206
141.9 0 1251
142.0 0 1241
142.1 0 1238
142.2 0 1241
142.3 0 1226
142.4 0 1185
142.5 0 1210
142.6 0 1269
142.7 0 1246
142.8 0 1231
142.9 0 1198
143.0 0 1267
143.1 0 1180
143.2 0 1189
143.3 0 1196
143.4 0 1191
143.5 0 1212
143.6 0 1236
143.7 0 1185
143.8 0 1236
143.9 0 1201
144.0 0 1179
144.1 0 1148
144.2 0 1142
144.3 0 1183
144.4 0 1212
144.5 0 1196
144.6 0 1176
144.7 0 1261
144.8 0 1179
144.9 0 1147
145.0 0 1195
145.1 0 1154
145.2 0 1147
145.3 0 1168
145.4 0 1148
145.5 0 1194
145.6 0 1144
145.7 0 1174
145.8 0 1194
145.9 0 1129
146.0 0 1168
146.1 0 1188
146.2 0 1175
146.3 0 1167
146.4 0 1208
146.5 0 1177
146.6 0 1133
146.7 0 1152
146.8 0 1179
146.9 0 1121
147.0 0 1082
147.1 0 1228
147.2 0 1115
147.3 0 1145
147.4 0 1102
147.5 0 1127
147.6 0 1175
147.7 0 1155
147.8 0 1129
147.9 0 1131
148.0 0 1193
148.1 0 1106
148.2 0 1115
148.3 0 1092
148.4 0 1145
148.5 0 1093
148.6 0 1091
148.7 0 1108
148.8 0 1105
148.9 0 1104
149.0 0 1169
149.1 0 1124
149.2 0 1066
149.3 0 1086
149.4 0 1168
149.5 0 1158
149.6 0 1087
149.7 0 1061
149.8 0 1097
149.9 0 1070
150.0 0 1143
150.1 0 1051
150.2 0 1063
150.3 0 1145
150.4 0 1069
150.5 0 1149
150.6 0 1086
150.7 0 1063
150.8 0 1077
150.9 0 1089
151.0 0 1147
151.1 0 1050
151.2 0 1094
151.3 0 1058
151.4 0 1110
151.5 0 1036
151.6 0 1077
151.7 0 1133
151.8 0 1062
151.9 0 1086
152.0 0 1008
152.1 0 1020
152.2 0 1030
152.3 0 1097
152.4 0 1110
152.5 0 1127
152.6 0 1088
152.7 0 1046
152.8 0 1057
152.9 0 1032
153.0 0 966
153.1 0 1036
153.2 0 1093
153.3 0 1066
153.4 0 1044
153.5 0 1036
153.6 0 1097
153.7 0 1062
153.8 0 1013
153.9 0 1128
154.0 0 1042
154.1 0 1038
154.2 0 1002
154.3 0 1012
154.4 0 960
154.5 0 996
154.6 0 938
154.7 0 1072
154.8 0 1021
154.9 0 1021
155.0 0 1037
155.1 0 993
155.2 0 1043
155.3 0 1005
155.4 0 965
155.5 0 1013
155.6 0 1015
155.7 0 998
155.8 0 1032
155.9 0 985
156.0 0 940
156.1 0 995
156.2 0 973
156.3 0 1043
156.4 0 988
156.5 0 972
156.6 0 1041
156.7 0 945
156.8 0 957
156.9 0 1009
157.0 0 931
157.1 0 989
157.2 0 1022
157.3 0 984
157.4 0 962
157.5 0 951
157.6 0 1021
157.7 0 971
157.8 0 989
157.9 0 950
158.0 0 894
158.1 0 964
158.2 0 992
158.3 0 962
158.4 0 1032
158.5 0 999
158.6 0 1028
158.7 0 931
158.8 0 989
158.9 0 973
159.0 0 928
159.1 0 969
159.2 0 971
159.3 0 952
159.4 0 994
159.5 0 977
159.6 0 989
159.7 0 975
159.8 0 998
159.9 0 955
160.0 0 911
160.1 0 923
160.2 0 936
160.3 0 940
160.4 0 922
160.5 0 868
160.6 0 907
160.7 0 919
160.8 0 961
160.9 0 928
161.0 0 954
161.1 0 962
161.2 0 1023
161.3 0 997
161.4 0 934
161.5 0 979
161.6 0 972
161.7 0 942
161.8 0 932
161.9 0 921
162.0 0 915
162.1 0 927
162.2 0 932
162.3 0 938
162.4 0 946
162.5 0 997
162.6 0 939
162.7 0 899
162.8 0 914
162.9 0 962
163.0 0 913
163.1 0 981
163.2 0 901
163.3 0 954
163.4 0 939
163.5 0 923
163.6 0 922
163.7 0 930
163.8 0 874
163.9 0 911
164.0 0 897
164.1 0 877
164.2 0 910
164.3 0 869
164.4 0 837
164.5 0 877
164.6 0 963
164.7 0 929
164.8 0 916
164.9 0 913
165.0 0 952
165.1 0 880
165.2 0 907
165.3 0 868
165.4 0 935
165.5 0 866
165.6 0 917
165.7 0 936
165.8 0 863
165.9 0 921
166.0 0 896
166.1 0 863
166.2 0 912
166.3 0 901
166.4 0 902
166.5 0 832
166.6 0 887
166.7 0 928
166.8 0 837
166.9 0 933
167.0 0 890
167.1 0 886
167.2 0 854
167.3 0 842
167.4 0 846
167.5 0 813
167.6 0 856
167.7 0 858
167.8 0 861
167.9 0 824
168.0 0 895
168.1 0 890
168.2 0 934
168.3 0 867
168.4 0 870
168.5 0 842
168.6 0 885
168.7 0 867
168.8 0 870
168.9 0 836
169.0 0 831
169.1 0 883
169.2 0 892
169.3 0 841
169.4 0 801
169.5 0 876
169.6 0 844
169.7 0 853
169.8 0 865
169.9 0 810
170.0 0 814
170.1 0 830
170.2 0 840
170.3 0 882
170.4 0 883
170.5 0 839
170.6 0 868
170.7 0 846
170.8 0 827
170.9 0 890
171.0 0 880
171.1 0 842
171.2 0 830
171.3 0 809
171.4 0 812
171.5 0 820
171.6 0 835
171.7 0 827
171.8 0 781
171.9 0 845
172.0 0 805
172.1 0 851
172.2 0 852
172.3 0 807
172.4 0 786
172.5 0 866
172.6 0 856
172.7 0 776
172.8 0 835
172.9 0 803
173.0 0 839
173.1 0 879
173.2 0 789
173.3 0 798
173.4 0 784
173.5 0 841
173.6 0 839
173.7 0 770
173.8 0 768
173.9 0 821
174.0 0 831
174.1 0 823
174.2 0 794
174.3 0 781
174.4 0 787
174.5 0 791
174.6 0 787
174.7 0 892
174.8 0 806
174.9 0 787
175.0 0 789
175.1 0 817
175.2 0 804
175.3 0 818
175.4 0 766
175.5 0 838
175.6 0 834
175.7 0 772
175.8 0 808
175.9 0 799
176.0 0 755
176.1 0 747
176.2 0 781
176.3 0 763
176.4 0 793
176.5 0 800
176.6 0 786
176.7 0 792
176.8 0 777
176.9 0 795
177.0 0 810
177.1 0 793
177.2 0 772
177.3 0 786
177.4 0 795
177.5 0 730
177.6 0 778
177.7 0 791
177.8 0 750
177.9 0 735
178.0 0 731
178.1 0 751
178.2 0 730
178.3 0 742
178.4 0 746
178.5 0 820
178.6 0 799
178.7 0 790
178.8 0 737
178.9 0 793
179.0 0 788
179.1 0 757
179.2 0 739
179.3 0 747
179.4 0 752
179.5 0 772
179.6 0 721
179.7 0 785
179.8 0 799
179.9 0 814
180.0 0 742
180.1 0 751
180.2 0 755
180.3 0 698
180.4 0 771
180.5 0 702
180.6 0 750
180.7 0 763
180.8 0 754
180.9 0 721
181.0 0 753
181.1 0 739
181.2 0 698
181.3 0 737
181.4 0 735
181.5 0 731
181.6 0 706
181.7 0 703
181.8 0 718
181.9 0 763
182.0 0 750
182.1 0 751
182.2 0 756
182.3 0 684
182.4 0 769
182.5 0 769
182.6 0 667
182.7 0 734
182.8 0 737
182.9 0 714
183.0 0 691
183.1 0 736
183.2 0 758
183.3 0 706
183.4 0 744
183.5 0 726
183.6 0 777
183.7 0 740
183.8 0 734
183.9 0 686
184.0 0 735
184.1 0 718
184.2 0 674
184.3 0 740
184.4 0 706
184.5 0 668
184.6 0 684
184.7 0 700
184.8 0 675
184.9 0 685
185.0 0 711
185.1 0 691
185.2 0 713
185.3 0 694
185.4 0 739
185.5 0 672
185.6 0 754
185.7 0 697
185.8 0 693
185.9 0 681
186.0 0 676
186.1 0 661
186.2 0 686
186.3 0 680
186.4 0 726
186.5 0 706
186.6 0 684
186.7 0 687
186.8 0 695
186.9 0 698
187.0 0 665
187.1 0 654
187.2 0 696
187.3 0 705
187.4 0 699
187.5 0 708
187.6 0 711
187.7 0 660
187.8 0 695
187.9 0 696
188.0 0 722
188.1 0 752
188.2 0 675
188.3 0 681
188.4 0 715
188.5 0 686
188.6 0 717
188.7 0 668
188.8 0 690
188.9 0 626
189.0 0 651
189.1 0 659
189.2 0 664
189.3 0 665
189.4 0 682
189.5 0 646
189.6 0 697
189.7 0 696
189.8 0 716
189.9 0 688
190.0 0 690
190.1 0 642
190.2 0 662
190.3 0 700
190.4 0 698
190.5 0 681
190.6 0 678
190.7 0 692
190.8 0 646
190.9 0 673
191.0 0 667
191.1 0 684
191.2 0 671
191.3 0 648
191.4 0 664
191.5 0 650
191.6 0 704
191.7 0 658
191.8 0 666
191.9 0 651
192.0 0 595
192.1 0 700
192.2 0 667
192.3 0 642
192.4 0 648
192.5 0 634
192.6 0 659
192.7 0 683
192.8 0 636
192.9 0 680
193.0 0 619
193.1 0 621
193.2 0 618
193.3 0 636
193.4 0 716
193.5 0 652
193.6 0 653
193.7 0 652
193.8 0 673
193.9 0 587
194.0 0 643
194.1 0 626
194.2 0 668
194.3 0 675
194.4 0 646
194.5 0 616
194.6 0 648
194.7 0 638
194.8 0 636
194.9 0 653
195.0 0 707
195.1 0 635
195.2 0 643
195.3 0 615
195.4 0 637
195.5 0 645
195.6 0 611
195.7 0 634
195.8 0 628
195.9 0 592
196.0 0 597
196.1 0 586
196.2 0 654
196.3 0 587
196.4 0 619
196.5 0 646
196.6 0 656
196.7 0 638
196.8 0 622
196.9 0 616
197.0 0 584
197.1 0 605
197.2 0 609
197.3 0 578
197.4 0 595
197.5 0 603
197.6 0 631
197.7 0 603
197.8 0 611
197.9 0 628
198.0 0 628
198.1 0 599
198.2 0 614
198.3 0 654
198.4 0 638
198.5 0 598
198.6 0 635
198.7 0 629
198.8 0 648
198.9 0 619
199.0 0 620
199.1 0 592
199.2 0 613
199.3 0 597
199.4 0 614
199.5 0 655
199.6 0 609
199.7 0 563
199.8 0 598
199.9 0 578
200.0 0 869604
