# Format: delay(us) ack_ratio packet_ratio (based on total count = 23604621)
0 0.000000 0.000000
1 0.000000 0.000000
2 0.000000 0.000000
3 0.000000 0.000000
4 0.000000 0.000000
5 0.000000 0.000000
6 0.000000 0.000000
7 0.000000 0.000000
8 0.000000 0.000000
9 0.000000 0.000000
10 0.981029 0.000000
11 0.018971 0.000000
12 0.000000 0.000000
13 0.000000 0.000000
14 0.000000 0.000000
15 0.000000 0.000000
16 0.000000 0.000000
17 0.000000 0.000000
18 0.000000 0.000000
19 0.000000 0.000000
20 0.000000 0.000002
21 0.000000 0.020959
22 0.000000 0.014186
23 0.000000 0.007763
24 0.000000 0.006522
25 0.000000 0.006352
26 0.000000 0.006503
27 0.000000 0.006821
28 0.000000 0.007265
29 0.000000 0.007862
30 0.000000 0.008609
31 0.000000 0.009311
32 0.000000 0.010298
33 0.000000 0.011212
34 0.000000 0.012392
35 0.000000 0.013658
36 0.000000 0.015000
37 0.000000 0.016551
38 0.000000 0.018541
39 0.000000 0.020453
40 0.000000 0.022089
41 0.000000 0.023413
42 0.000000 0.024245
43 0.000000 0.024151
44 0.000000 0.023402
45 0.000000 0.022477
46 0.000000 0.021303
47 0.000000 0.020193
48 0.000000 0.019204
49 0.000000 0.018311
50 0.000000 0.017425
51 0.000000 0.016596
52 0.000000 0.015817
53 0.000000 0.015164
54 0.000000 0.014416
55 0.000000 0.013733
56 0.000000 0.013042
57 0.000000 0.012377
58 0.000000 0.011681
59 0.000000 0.011065
60 0.000000 0.010440
61 0.000000 0.009866
62 0.000000 0.009301
63 0.000000 0.008775
64 0.000000 0.008260
65 0.000000 0.007833
66 0.000000 0.007430
67 0.000000 0.007115
68 0.000000 0.006780
69 0.000000 0.006484
70 0.000000 0.006216
71 0.000000 0.006013
72 0.000000 0.005794
73 0.000000 0.005549
74 0.000000 0.005325
75 0.000000 0.005129
76 0.000000 0.004948
77 0.000000 0.004799
78 0.000000 0.004705
79 0.000000 0.004510
80 0.000000 0.004387
81 0.000000 0.004248
82 0.000000 0.004141
83 0.000000 0.004020
84 0.000000 0.003901
85 0.000000 0.003786
86 0.000000 0.003686
87 0.000000 0.003565
88 0.000000 0.003461
89 0.000000 0.003419
90 0.000000 0.003299
91 0.000000 0.003240
92 0.000000 0.003131
93 0.000000 0.003066
94 0.000000 0.002988
95 0.000000 0.002960
96 0.000000 0.002880
97 0.000000 0.002794
98 0.000000 0.002736
99 0.000000 0.002645
100 0.000000 0.002615
101 0.000000 0.002538
102 0.000000 0.002462
103 0.000000 0.002375
104 0.000000 0.002337
105 0.000000 0.002266
106 0.000000 0.002228
107 0.000000 0.002193
108 0.000000 0.002135
109 0.000000 0.002097
110 0.000000 0.002052
111 0.000000 0.002007
112 0.000000 0.001945
113 0.000000 0.001903
114 0.000000 0.001880
115 0.000000 0.001836
116 0.000000 0.001776
117 0.000000 0.001742
118 0.000000 0.001704
119 0.000000 0.001673
120 0.000000 0.001673
121 0.000000 0.001646
122 0.000000 0.001597
123 0.000000 0.001577
124 0.000000 0.001536
125 0.000000 0.001500
126 0.000000 0.001469
127 0.000000 0.001440
128 0.000000 0.001417
129 0.000000 0.001412
130 0.000000 0.001375
131 0.000000 0.001345
132 0.000000 0.001327
133 0.000000 0.001317
134 0.000000 0.001297
135 0.000000 0.001298
136 0.000000 0.001247
137 0.000000 0.001232
138 0.000000 0.001220
139 0.000000 0.001200
140 0.000000 0.001188
141 0.000000 0.001175
142 0.000000 0.001165
143 0.000000 0.001140
144 0.000000 0.001113
145 0.000000 0.001093
146 0.000000 0.001078
147 0.000000 0.001063
148 0.000000 0.001045
149 0.000000 0.001040
150 0.000000 0.001025
151 0.000000 0.001004
152 0.000000 0.000990
153 0.000000 0.000973
154 0.000000 0.000952
155 0.000000 0.000950
156 0.000000 0.000939
157 0.000000 0.000911
158 0.000000 0.000910
159 0.000000 0.000893
160 0.000000 0.000883
161 0.000000 0.000870
162 0.000000 0.000858
163 0.000000 0.000844
164 0.000000 0.000840
165 0.000000 0.000819
166 0.000000 0.000810
167 0.000000 0.000799
168 0.000000 0.000805
169 0.000000 0.000811
170 0.000000 0.000807
171 0.000000 0.000790
172 0.000000 0.000791
173 0.000000 0.000775
174 0.000000 0.000784
175 0.000000 0.000773
176 0.000000 0.000744
177 0.000000 0.000747
178 0.000000 0.000727
179 0.000000 0.000694
180 0.000000 0.000710
181 0.000000 0.000719
182 0.000000 0.000707
183 0.000000 0.000700
184 0.000000 0.000688
185 0.000000 0.000684
186 0.000000 0.000686
187 0.000000 0.000679
188 0.000000 0.000685
189 0.000000 0.000665
190 0.000000 0.000677
191 0.000000 0.000657
192 0.000000 0.000661
193 0.000000 0.000655
194 0.000000 0.000649
195 0.000000 0.000635
196 0.000000 0.000614
197 0.000000 0.000606
198 0.000000 0.000616
199 0.000000 0.000597
200 0.000000 0.000596
201 0.000000 0.000595
202 0.000000 0.000575
203 0.000000 0.000576
204 0.000000 0.000565
205 0.000000 0.000561
206 0.000000 0.000556
207 0.000000 0.000558
208 0.000000 0.000550
209 0.000000 0.000557
210 0.000000 0.000548
211 0.000000 0.000545
212 0.000000 0.000545
213 0.000000 0.000535
214 0.000000 0.000545
215 0.000000 0.000536
216 0.000000 0.000528
217 0.000000 0.000521
218 0.000000 0.000525
219 0.000000 0.000525
220 0.000000 0.000521
221 0.000000 0.000501
222 0.000000 0.000503
223 0.000000 0.000498
224 0.000000 0.000489
225 0.000000 0.000491
226 0.000000 0.000492
227 0.000000 0.000478
228 0.000000 0.000476
229 0.000000 0.000468
230 0.000000 0.000473
231 0.000000 0.000469
232 0.000000 0.000469
233 0.000000 0.000470
234 0.000000 0.000459
235 0.000000 0.000455
236 0.000000 0.000459
237 0.000000 0.000449
238 0.000000 0.000442
239 0.000000 0.000448
240 0.000000 0.000442
241 0.000000 0.000441
242 0.000000 0.000426
243 0.000000 0.000434
244 0.000000 0.000430
245 0.000000 0.000424
246 0.000000 0.000422
247 0.000000 0.000421
248 0.000000 0.000417
249 0.000000 0.000419
250 0.000000 0.000419
251 0.000000 0.000422
252 0.000000 0.000416
253 0.000000 0.000421
254 0.000000 0.000407
255 0.000000 0.000415
256 0.000000 0.000397
257 0.000000 0.000401
258 0.000000 0.000404
259 0.000000 0.000409
260 0.000000 0.000398
261 0.000000 0.000396
262 0.000000 0.000397
263 0.000000 0.000402
264 0.000000 0.000398
265 0.000000 0.000387
266 0.000000 0.000386
267 0.000000 0.000385
268 0.000000 0.000385
269 0.000000 0.000377
270 0.000000 0.000375
271 0.000000 0.000371
272 0.000000 0.000378
273 0.000000 0.000384
274 0.000000 0.000376
275 0.000000 0.000366
276 0.000000 0.000359
277 0.000000 0.000344
278 0.000000 0.000349
279 0.000000 0.000343
280 0.000000 0.000349
281 0.000000 0.000347
282 0.000000 0.000340
283 0.000000 0.000336
284 0.000000 0.000330
285 0.000000 0.000336
286 0.000000 0.000330
287 0.000000 0.000332
288 0.000000 0.000322
289 0.000000 0.000317
290 0.000000 0.000321
291 0.000000 0.000313
292 0.000000 0.000319
293 0.000000 0.000321
294 0.000000 0.000317
295 0.000000 0.000315
296 0.000000 0.000308
297 0.000000 0.000313
298 0.000000 0.000314
299 0.000000 0.000307
300 0.000000 0.000310
301 0.000000 0.000295
302 0.000000 0.000301
303 0.000000 0.000304
304 0.000000 0.000292
305 0.000000 0.000297
306 0.000000 0.000299
307 0.000000 0.000295
308 0.000000 0.000290
309 0.000000 0.000298
310 0.000000 0.000293
311 0.000000 0.000297
312 0.000000 0.000296
313 0.000000 0.000288
314 0.000000 0.000284
315 0.000000 0.000280
316 0.000000 0.000278
317 0.000000 0.000278
318 0.000000 0.000275
319 0.000000 0.000278
320 0.000000 0.000276
321 0.000000 0.000272
322 0.000000 0.000272
323 0.000000 0.000274
324 0.000000 0.000271
325 0.000000 0.000273
326 0.000000 0.000276
327 0.000000 0.000281
328 0.000000 0.000283
329 0.000000 0.000275
330 0.000000 0.000281
331 0.000000 0.000279
332 0.000000 0.000273
333 0.000000 0.000268
334 0.000000 0.000277
335 0.000000 0.000274
336 0.000000 0.000270
337 0.000000 0.000263
338 0.000000 0.000269
339 0.000000 0.000260
340 0.000000 0.000260
341 0.000000 0.000258
342 0.000000 0.000259
343 0.000000 0.000255
344 0.000000 0.000254
345 0.000000 0.000250
346 0.000000 0.000245
347 0.000000 0.000248
348 0.000000 0.000248
349 0.000000 0.000247
350 0.000000 0.000242
351 0.000000 0.000242
352 0.000000 0.000232
353 0.000000 0.000238
354 0.000000 0.000234
355 0.000000 0.000235
356 0.000000 0.000230
357 0.000000 0.000231
358 0.000000 0.000229
359 0.000000 0.000221
360 0.000000 0.000224
361 0.000000 0.000241
362 0.000000 0.000236
363 0.000000 0.000229
364 0.000000 0.000232
365 0.000000 0.000237
366 0.000000 0.000236
367 0.000000 0.000227
368 0.000000 0.000225
369 0.000000 0.000227
370 0.000000 0.000228
371 0.000000 0.000228
372 0.000000 0.000226
373 0.000000 0.000226
374 0.000000 0.000222
375 0.000000 0.000217
376 0.000000 0.000209
377 0.000000 0.000216
378 0.000000 0.000220
379 0.000000 0.000207
380 0.000000 0.000214
381 0.000000 0.000207
382 0.000000 0.000208
383 0.000000 0.000211
384 0.000000 0.000209
385 0.000000 0.000204
386 0.000000 0.000203
387 0.000000 0.000209
388 0.000000 0.000212
389 0.000000 0.000209
390 0.000000 0.000205
391 0.000000 0.000204
392 0.000000 0.000198
393 0.000000 0.000199
394 0.000000 0.000197
395 0.000000 0.000200
396 0.000000 0.000200
397 0.000000 0.000193
398 0.000000 0.000193
399 0.000000 0.000198
400 0.000000 0.000192
401 0.000000 0.000197
402 0.000000 0.000186
403 0.000000 0.000180
404 0.000000 0.000177
405 0.000000 0.000185
406 0.000000 0.000184
407 0.000000 0.000178
408 0.000000 0.000170
409 0.000000 0.000180
410 0.000000 0.000182
411 0.000000 0.000181
412 0.000000 0.000180
413 0.000000 0.000181
414 0.000000 0.000173
415 0.000000 0.000173
416 0.000000 0.000183
417 0.000000 0.000171
418 0.000000 0.000173
419 0.000000 0.000180
420 0.000000 0.000180
421 0.000000 0.000181
422 0.000000 0.000177
423 0.000000 0.000176
424 0.000000 0.000172
425 0.000000 0.000169
426 0.000000 0.000171
427 0.000000 0.000169
428 0.000000 0.000164
429 0.000000 0.000165
430 0.000000 0.000162
431 0.000000 0.000160
432 0.000000 0.000159
433 0.000000 0.000165
434 0.000000 0.000163
435 0.000000 0.000164
436 0.000000 0.000161
437 0.000000 0.000166
438 0.000000 0.000169
439 0.000000 0.000167
440 0.000000 0.000160
441 0.000000 0.000154
442 0.000000 0.000157
443 0.000000 0.000158
444 0.000000 0.000153
445 0.000000 0.000149
446 0.000000 0.000149
447 0.000000 0.000142
448 0.000000 0.000143
449 0.000000 0.000145
450 0.000000 0.000141
451 0.000000 0.000142
452 0.000000 0.000142
453 0.000000 0.000147
454 0.000000 0.000148
455 0.000000 0.000148
456 0.000000 0.000146
457 0.000000 0.000148
458 0.000000 0.000139
459 0.000000 0.000142
460 0.000000 0.000144
461 0.000000 0.000144
462 0.000000 0.000137
463 0.000000 0.000139
464 0.000000 0.000141
465 0.000000 0.000140
466 0.000000 0.000145
467 0.000000 0.000140
468 0.000000 0.000135
469 0.000000 0.000139
470 0.000000 0.000134
471 0.000000 0.000127
472 0.000000 0.000131
473 0.000000 0.000135
474 0.000000 0.000132
475 0.000000 0.000130
476 0.000000 0.000127
477 0.000000 0.000120
478 0.000000 0.000120
479 0.000000 0.000117
480 0.000000 0.000122
481 0.000000 0.000122
482 0.000000 0.000119
483 0.000000 0.000115
484 0.000000 0.000114
485 0.000000 0.000114
486 0.000000 0.000120
487 0.000000 0.000113
488 0.000000 0.000115
489 0.000000 0.000108
490 0.000000 0.000110
491 0.000000 0.000106
492 0.000000 0.000103
493 0.000000 0.000103
494 0.000000 0.000108
495 0.000000 0.000103
496 0.000000 0.000108
497 0.000000 0.000109
498 0.000000 0.000103
499 0.000000 0.000105
500 0.000000 0.000105
501 0.000000 0.000110
502 0.000000 0.000106
503 0.000000 0.000102
504 0.000000 0.000108
505 0.000000 0.000104
506 0.000000 0.000099
507 0.000000 0.000098
508 0.000000 0.000099
509 0.000000 0.000098
510 0.000000 0.000099
511 0.000000 0.000098
512 0.000000 0.000097
513 0.000000 0.000098
514 0.000000 0.000096
515 0.000000 0.000093
516 0.000000 0.000098
517 0.000000 0.000098
518 0.000000 0.000091
519 0.000000 0.000094
520 0.000000 0.000095
521 0.000000 0.000099
522 0.000000 0.000091
523 0.000000 0.000091
524 0.000000 0.000089
525 0.000000 0.000091
526 0.000000 0.000093
527 0.000000 0.000091
528 0.000000 0.000087
529 0.000000 0.000089
530 0.000000 0.000085
531 0.000000 0.000087
532 0.000000 0.000086
533 0.000000 0.000084
534 0.000000 0.000082
535 0.000000 0.000081
536 0.000000 0.000074
537 0.000000 0.000075
538 0.000000 0.000076
539 0.000000 0.000081
540 0.000000 0.000075
541 0.000000 0.000076
542 0.000000 0.000078
543 0.000000 0.000075
544 0.000000 0.000077
545 0.000000 0.000071
546 0.000000 0.000073
547 0.000000 0.000072
548 0.000000 0.000081
549 0.000000 0.000084
550 0.000000 0.000081
551 0.000000 0.000073
552 0.000000 0.000073
553 0.000000 0.000074
554 0.000000 0.000074
555 0.000000 0.000074
556 0.000000 0.000067
557 0.000000 0.000065
558 0.000000 0.000067
559 0.000000 0.000069
560 0.000000 0.000070
561 0.000000 0.000069
562 0.000000 0.000068
563 0.000000 0.000070
564 0.000000 0.000072
565 0.000000 0.000072
566 0.000000 0.000074
567 0.000000 0.000067
568 0.000000 0.000070
569 0.000000 0.000063
570 0.000000 0.000064
571 0.000000 0.000064
572 0.000000 0.000066
573 0.000000 0.000063
574 0.000000 0.000064
575 0.000000 0.000063
576 0.000000 0.000062
577 0.000000 0.000066
578 0.000000 0.000059
579 0.000000 0.000058
580 0.000000 0.000060
581 0.000000 0.000058
582 0.000000 0.000056
583 0.000000 0.000059
584 0.000000 0.000058
585 0.000000 0.000060
586 0.000000 0.000060
587 0.000000 0.000058
588 0.000000 0.000057
589 0.000000 0.000058
590 0.000000 0.000056
591 0.000000 0.000056
592 0.000000 0.000057
593 0.000000 0.000057
594 0.000000 0.000059
595 0.000000 0.000053
596 0.000000 0.000054
597 0.000000 0.000052
598 0.000000 0.000057
599 0.000000 0.000054
600 0.000000 0.000054
601 0.000000 0.000053
602 0.000000 0.000050
603 0.000000 0.000051
604 0.000000 0.000049
605 0.000000 0.000047
606 0.000000 0.000050
607 0.000000 0.000049
608 0.000000 0.000052
609 0.000000 0.000048
610 0.000000 0.000048
611 0.000000 0.000046
612 0.000000 0.000046
613 0.000000 0.000047
614 0.000000 0.000043
615 0.000000 0.000047
616 0.000000 0.000045
617 0.000000 0.000043
618 0.000000 0.000042
619 0.000000 0.000046
620 0.000000 0.000046
621 0.000000 0.000046
622 0.000000 0.000041
623 0.000000 0.000040
624 0.000000 0.000040
625 0.000000 0.000042
626 0.000000 0.000039
627 0.000000 0.000043
628 0.000000 0.000040
629 0.000000 0.000040
630 0.000000 0.000035
631 0.000000 0.000037
632 0.000000 0.000039
633 0.000000 0.000038
634 0.000000 0.000037
635 0.000000 0.000036
636 0.000000 0.000034
637 0.000000 0.000035
638 0.000000 0.000035
639 0.000000 0.000037
640 0.000000 0.000039
641 0.000000 0.000036
642 0.000000 0.000035
643 0.000000 0.000034
644 0.000000 0.000035
645 0.000000 0.000034
646 0.000000 0.000034
647 0.000000 0.000034
648 0.000000 0.000034
649 0.000000 0.000035
650 0.000000 0.000034
651 0.000000 0.000034
652 0.000000 0.000034
653 0.000000 0.000034
654 0.000000 0.000035
655 0.000000 0.000034
656 0.000000 0.000035
657 0.000000 0.000035
658 0.000000 0.000034
659 0.000000 0.000030
660 0.000000 0.000031
661 0.000000 0.000028
662 0.000000 0.000029
663 0.000000 0.000030
664 0.000000 0.000033
665 0.000000 0.000030
666 0.000000 0.000029
667 0.000000 0.000028
668 0.000000 0.000029
669 0.000000 0.000029
670 0.000000 0.000029
671 0.000000 0.000027
672 0.000000 0.000026
673 0.000000 0.000028
674 0.000000 0.000030
675 0.000000 0.000026
676 0.000000 0.000028
677 0.000000 0.000028
678 0.000000 0.000026
679 0.000000 0.000026
680 0.000000 0.000030
681 0.000000 0.000026
682 0.000000 0.000027
683 0.000000 0.000028
684 0.000000 0.000028
685 0.000000 0.000028
686 0.000000 0.000028
687 0.000000 0.000025
688 0.000000 0.000025
689 0.000000 0.000028
690 0.000000 0.000030
691 0.000000 0.000030
692 0.000000 0.000029
693 0.000000 0.000025
694 0.000000 0.000026
695 0.000000 0.000026
696 0.000000 0.000025
697 0.000000 0.000022
698 0.000000 0.000025
699 0.000000 0.000025
700 0.000000 0.000021
701 0.000000 0.000020
702 0.000000 0.000021
703 0.000000 0.000021
704 0.000000 0.000021
705 0.000000 0.000020
706 0.000000 0.000019
707 0.000000 0.000020
708 0.000000 0.000020
709 0.000000 0.000018
710 0.000000 0.000019
711 0.000000 0.000019
712 0.000000 0.000017
713 0.000000 0.000018
714 0.000000 0.000018
715 0.000000 0.000019
716 0.000000 0.000022
717 0.000000 0.000021
718 0.000000 0.000019
719 0.000000 0.000019
720 0.000000 0.000021
721 0.000000 0.000020
722 0.000000 0.000020
723 0.000000 0.000021
724 0.000000 0.000019
725 0.000000 0.000020
726 0.000000 0.000019
727 0.000000 0.000019
728 0.000000 0.000017
729 0.000000 0.000018
730 0.000000 0.000017
731 0.000000 0.000018
732 0.000000 0.000019
733 0.000000 0.000018
734 0.000000 0.000019
735 0.000000 0.000020
736 0.000000 0.000020
737 0.000000 0.000019
738 0.000000 0.000019
739 0.000000 0.000019
740 0.000000 0.000018
741 0.000000 0.000021
742 0.000000 0.000020
743 0.000000 0.000018
744 0.000000 0.000017
745 0.000000 0.000017
746 0.000000 0.000017
747 0.000000 0.000018
748 0.000000 0.000019
749 0.000000 0.000018
750 0.000000 0.000019
751 0.000000 0.000017
752 0.000000 0.000017
753 0.000000 0.000016
754 0.000000 0.000018
755 0.000000 0.000015
756 0.000000 0.000016
757 0.000000 0.000016
758 0.000000 0.000016
759 0.000000 0.000020
760 0.000000 0.000019
761 0.000000 0.000018
762 0.000000 0.000016
763 0.000000 0.000018
764 0.000000 0.000018
765 0.000000 0.000016
766 0.000000 0.000015
767 0.000000 0.000016
768 0.000000 0.000017
769 0.000000 0.000016
770 0.000000 0.000014
771 0.000000 0.000015
772 0.000000 0.000012
773 0.000000 0.000013
774 0.000000 0.000013
775 0.000000 0.000014
776 0.000000 0.000016
777 0.000000 0.000014
778 0.000000 0.000013
779 0.000000 0.000011
780 0.000000 0.000011
781 0.000000 0.000011
782 0.000000 0.000010
783 0.000000 0.000013
784 0.000000 0.000011
785 0.000000 0.000011
786 0.000000 0.000011
787 0.000000 0.000012
788 0.000000 0.000009
789 0.000000 0.000011
790 0.000000 0.000012
791 0.000000 0.000013
792 0.000000 0.000015
793 0.000000 0.000013
794 0.000000 0.000012
795 0.000000 0.000011
796 0.000000 0.000010
797 0.000000 0.000011
798 0.000000 0.000011
799 0.000000 0.000009
800 0.000000 0.000009
801 0.000000 0.000011
802 0.000000 0.000011
803 0.000000 0.000010
804 0.000000 0.000011
805 0.000000 0.000011
806 0.000000 0.000012
807 0.000000 0.000011
808 0.000000 0.000010
809 0.000000 0.000010
810 0.000000 0.000009
811 0.000000 0.000009
812 0.000000 0.000009
813 0.000000 0.000010
814 0.000000 0.000010
815 0.000000 0.000011
816 0.000000 0.000011
817 0.000000 0.000009
818 0.000000 0.000008
819 0.000000 0.000008
820 0.000000 0.000008
821 0.000000 0.000008
822 0.000000 0.000010
823 0.000000 0.000009
824 0.000000 0.000009
825 0.000000 0.000007
826 0.000000 0.000008
827 0.000000 0.000008
828 0.000000 0.000007
829 0.000000 0.000008
830 0.000000 0.000007
831 0.000000 0.000006
832 0.000000 0.000007
833 0.000000 0.000006
834 0.000000 0.000007
835 0.000000 0.000006
836 0.000000 0.000007
837 0.000000 0.000007
838 0.000000 0.000008
839 0.000000 0.000007
840 0.000000 0.000007
841 0.000000 0.000007
842 0.000000 0.000005
843 0.000000 0.000005
844 0.000000 0.000006
845 0.000000 0.000006
846 0.000000 0.000007
847 0.000000 0.000007
848 0.000000 0.000006
849 0.000000 0.000007
850 0.000000 0.000006
851 0.000000 0.000007
852 0.000000 0.000007
853 0.000000 0.000006
854 0.000000 0.000006
855 0.000000 0.000006
856 0.000000 0.000005
857 0.000000 0.000005
858 0.000000 0.000005
859 0.000000 0.000005
860 0.000000 0.000005
861 0.000000 0.000005
862 0.000000 0.000005
863 0.000000 0.000005
864 0.000000 0.000005
865 0.000000 0.000003
866 0.000000 0.000003
867 0.000000 0.000004
868 0.000000 0.000004
869 0.000000 0.000004
870 0.000000 0.000004
871 0.000000 0.000004
872 0.000000 0.000004
873 0.000000 0.000004
874 0.000000 0.000004
875 0.000000 0.000004
876 0.000000 0.000004
877 0.000000 0.000005
878 0.000000 0.000004
879 0.000000 0.000004
880 0.000000 0.000004
881 0.000000 0.000004
882 0.000000 0.000003
883 0.000000 0.000003
884 0.000000 0.000004
885 0.000000 0.000004
886 0.000000 0.000005
887 0.000000 0.000003
888 0.000000 0.000003
889 0.000000 0.000003
890 0.000000 0.000004
891 0.000000 0.000004
892 0.000000 0.000003
893 0.000000 0.000005
894 0.000000 0.000004
895 0.000000 0.000004
896 0.000000 0.000004
897 0.000000 0.000003
898 0.000000 0.000004
899 0.000000 0.000003
900 0.000000 0.000003
901 0.000000 0.000003
902 0.000000 0.000004
903 0.000000 0.000003
904 0.000000 0.000002
905 0.000000 0.000003
906 0.000000 0.000003
907 0.000000 0.000003
908 0.000000 0.000003
909 0.000000 0.000003
910 0.000000 0.000004
911 0.000000 0.000003
912 0.000000 0.000003
913 0.000000 0.000003
914 0.000000 0.000002
915 0.000000 0.000003
916 0.000000 0.000004
917 0.000000 0.000003
918 0.000000 0.000003
919 0.000000 0.000003
920 0.000000 0.000003
921 0.000000 0.000003
922 0.000000 0.000003
923 0.000000 0.000004
924 0.000000 0.000003
925 0.000000 0.000003
926 0.000000 0.000003
927 0.000000 0.000002
928 0.000000 0.000003
929 0.000000 0.000003
930 0.000000 0.000003
931 0.000000 0.000003
932 0.000000 0.000003
933 0.000000 0.000003
934 0.000000 0.000003
935 0.000000 0.000002
936 0.000000 0.000002
937 0.000000 0.000002
938 0.000000 0.000002
939 0.000000 0.000002
940 0.000000 0.000002
941 0.000000 0.000002
942 0.000000 0.000002
943 0.000000 0.000002
944 0.000000 0.000002
945 0.000000 0.000002
946 0.000000 0.000001
947 0.000000 0.000001
948 0.000000 0.000002
949 0.000000 0.000002
950 0.000000 0.000001
951 0.000000 0.000001
952 0.000000 0.000001
953 0.000000 0.000001
954 0.000000 0.000001
955 0.000000 0.000001
956 0.000000 0.000001
957 0.000000 0.000001
958 0.000000 0.000001
959 0.000000 0.000001
960 0.000000 0.000002
961 0.000000 0.000001
962 0.000000 0.000001
963 0.000000 0.000001
964 0.000000 0.000001
965 0.000000 0.000001
966 0.000000 0.000001
967 0.000000 0.000002
968 0.000000 0.000001
969 0.000000 0.000001
970 0.000000 0.000001
971 0.000000 0.000001
972 0.000000 0.000001
973 0.000000 0.000001
974 0.000000 0.000001
975 0.000000 0.000001
976 0.000000 0.000001
977 0.000000 0.000001
978 0.000000 0.000001
979 0.000000 0.000001
980 0.000000 0.000002
981 0.000000 0.000001
982 0.000000 0.000001
983 0.000000 0.000001
984 0.000000 0.000001
985 0.000000 0.000002
986 0.000000 0.000001
987 0.000000 0.000001
988 0.000000 0.000001
989 0.000000 0.000001
990 0.000000 0.000001
991 0.000000 0.000001
992 0.000000 0.000001
993 0.000000 0.000001
994 0.000000 0.000001
995 0.000000 0.000001
996 0.000000 0.000001
997 0.000000 0.000001
998 0.000000 0.000001
999 0.000000 0.000001
1000 0.000000 0.000000
1001 0.000000 0.000001
1002 0.000000 0.000000
1003 0.000000 0.000000
1004 0.000000 0.000000
1005 0.000000 0.000001
1006 0.000000 0.000001
1007 0.000000 0.000000
1008 0.000000 0.000000
1009 0.000000 0.000000
1010 0.000000 0.000000
1011 0.000000 0.000000
1012 0.000000 0.000000
1013 0.000000 0.000000
1014 0.000000 0.000000
1015 0.000000 0.000000
1016 0.000000 0.000000
1017 0.000000 0.000000
1018 0.000000 0.000000
1019 0.000000 0.000000
1020 0.000000 0.000000
1021 0.000000 0.000000
1022 0.000000 0.000000
1023 0.000000 0.000000
1024 0.000000 0.000000
1025 0.000000 0.000000
1026 0.000000 0.000000
1027 0.000000 0.000000
1028 0.000000 0.000000
1029 0.000000 0.000001
1030 0.000000 0.000001
1031 0.000000 0.000000
1032 0.000000 0.000000
1033 0.000000 0.000000
1034 0.000000 0.000000
1035 0.000000 0.000000
1036 0.000000 0.000000
1037 0.000000 0.000000
1038 0.000000 0.000000
1039 0.000000 0.000000
1040 0.000000 0.000000
1041 0.000000 0.000000
1042 0.000000 0.000000
1043 0.000000 0.000000
1044 0.000000 0.000000
1045 0.000000 0.000000
1046 0.000000 0.000000
1047 0.000000 0.000000
1048 0.000000 0.000000
1049 0.000000 0.000000
1050 0.000000 0.000000
1051 0.000000 0.000000
1052 0.000000 0.000000
1053 0.000000 0.000000
1054 0.000000 0.000000
1055 0.000000 0.000000
1056 0.000000 0.000000
1057 0.000000 0.000000
1058 0.000000 0.000000
1059 0.000000 0.000000
1060 0.000000 0.000000
1061 0.000000 0.000000
1062 0.000000 0.000000
1063 0.000000 0.000000
1064 0.000000 0.000000
1065 0.000000 0.000000
1066 0.000000 0.000000
1067 0.000000 0.000000
1068 0.000000 0.000000
1069 0.000000 0.000000
1070 0.000000 0.000000
1071 0.000000 0.000000
1072 0.000000 0.000000
1073 0.000000 0.000000
1074 0.000000 0.000000
1075 0.000000 0.000000
1076 0.000000 0.000000
1077 0.000000 0.000000
1078 0.000000 0.000000
1079 0.000000 0.000000
1080 0.000000 0.000000
1081 0.000000 0.000000
1082 0.000000 0.000000
1083 0.000000 0.000000
1084 0.000000 0.000000
1085 0.000000 0.000000
1086 0.000000 0.000000
1087 0.000000 0.000000
1088 0.000000 0.000000
1089 0.000000 0.000000
1090 0.000000 0.000000
1091 0.000000 0.000000
1092 0.000000 0.000000
1093 0.000000 0.000000
1094 0.000000 0.000000
1095 0.000000 0.000000
1096 0.000000 0.000000
1097 0.000000 0.000000
1098 0.000000 0.000000
1099 0.000000 0.000000
1100 0.000000 0.000000
1101 0.000000 0.000000
1102 0.000000 0.000000
1103 0.000000 0.000000
1104 0.000000 0.000000
1105 0.000000 0.000000
1106 0.000000 0.000000
1107 0.000000 0.000000
1108 0.000000 0.000000
1109 0.000000 0.000000
1110 0.000000 0.000000
1111 0.000000 0.000000
1112 0.000000 0.000000
1113 0.000000 0.000000
1114 0.000000 0.000000
1115 0.000000 0.000000
1116 0.000000 0.000000
1117 0.000000 0.000000
1118 0.000000 0.000000
1119 0.000000 0.000000
1120 0.000000 0.000000
1121 0.000000 0.000000
1122 0.000000 0.000000
1123 0.000000 0.000000
1124 0.000000 0.000000
1125 0.000000 0.000000
1126 0.000000 0.000000
1127 0.000000 0.000000
1128 0.000000 0.000000
1129 0.000000 0.000000
1130 0.000000 0.000000
1131 0.000000 0.000000
1132 0.000000 0.000000
1133 0.000000 0.000000
1134 0.000000 0.000000
1135 0.000000 0.000000
1136 0.000000 0.000000
1137 0.000000 0.000000
1138 0.000000 0.000000
1139 0.000000 0.000000
1140 0.000000 0.000000
1141 0.000000 0.000000
1142 0.000000 0.000000
1143 0.000000 0.000000
1144 0.000000 0.000000
1145 0.000000 0.000000
1146 0.000000 0.000000
1147 0.000000 0.000000
1148 0.000000 0.000000
1149 0.000000 0.000000
1150 0.000000 0.000000
1151 0.000000 0.000000
1152 0.000000 0.000000
1153 0.000000 0.000000
1154 0.000000 0.000000
1155 0.000000 0.000000
1156 0.000000 0.000000
1157 0.000000 0.000000
1158 0.000000 0.000000
1159 0.000000 0.000000
1160 0.000000 0.000000
1161 0.000000 0.000000
1162 0.000000 0.000000
1163 0.000000 0.000000
1164 0.000000 0.000000
1165 0.000000 0.000000
1166 0.000000 0.000000
1167 0.000000 0.000000
1168 0.000000 0.000000
1169 0.000000 0.000000
1170 0.000000 0.000000
1171 0.000000 0.000000
1172 0.000000 0.000000
1173 0.000000 0.000000
1174 0.000000 0.000000
1175 0.000000 0.000000
1176 0.000000 0.000000
1177 0.000000 0.000000
1178 0.000000 0.000000
1179 0.000000 0.000000
1180 0.000000 0.000000
1181 0.000000 0.000000
1182 0.000000 0.000000
1183 0.000000 0.000000
1184 0.000000 0.000000
1185 0.000000 0.000000
1186 0.000000 0.000000
1187 0.000000 0.000000
1188 0.000000 0.000000
1189 0.000000 0.000000
1190 0.000000 0.000000
1191 0.000000 0.000000
1192 0.000000 0.000000
1193 0.000000 0.000000
1194 0.000000 0.000000
1195 0.000000 0.000000
1196 0.000000 0.000000
1197 0.000000 0.000000
1198 0.000000 0.000000
1199 0.000000 0.000000
1200 0.000000 0.000000
1201 0.000000 0.000000
1202 0.000000 0.000000
1203 0.000000 0.000000
1204 0.000000 0.000000
1205 0.000000 0.000000
1206 0.000000 0.000000
1207 0.000000 0.000000
1208 0.000000 0.000000
1209 0.000000 0.000000
1210 0.000000 0.000000
1211 0.000000 0.000000
1212 0.000000 0.000000
1213 0.000000 0.000000
1214 0.000000 0.000000
1215 0.000000 0.000000
1216 0.000000 0.000000
1217 0.000000 0.000000
1218 0.000000 0.000000
1219 0.000000 0.000000
1220 0.000000 0.000000
1221 0.000000 0.000000
1222 0.000000 0.000000
1223 0.000000 0.000000
1224 0.000000 0.000000
1225 0.000000 0.000000
1226 0.000000 0.000000
1227 0.000000 0.000000
1228 0.000000 0.000000
1229 0.000000 0.000000
1230 0.000000 0.000000
1231 0.000000 0.000000
1232 0.000000 0.000000
1233 0.000000 0.000000
1234 0.000000 0.000000
1235 0.000000 0.000000
1236 0.000000 0.000000
1237 0.000000 0.000000
1238 0.000000 0.000000
1239 0.000000 0.000000
1240 0.000000 0.000000
1241 0.000000 0.000000
1242 0.000000 0.000000
1243 0.000000 0.000000
1244 0.000000 0.000000
1245 0.000000 0.000000
1246 0.000000 0.000000
1247 0.000000 0.000000
1248 0.000000 0.000000
1249 0.000000 0.000000
1250 0.000000 0.000000
1251 0.000000 0.000000
1252 0.000000 0.000000
1253 0.000000 0.000000
1254 0.000000 0.000000
1255 0.000000 0.000000
1256 0.000000 0.000000
1257 0.000000 0.000000
1258 0.000000 0.000000
1259 0.000000 0.000000
1260 0.000000 0.000000
1261 0.000000 0.000000
1262 0.000000 0.000000
1263 0.000000 0.000000
1264 0.000000 0.000000
1265 0.000000 0.000000
1266 0.000000 0.000000
1267 0.000000 0.000000
1268 0.000000 0.000000
1269 0.000000 0.000000
1270 0.000000 0.000000
1271 0.000000 0.000000
1272 0.000000 0.000000
1273 0.000000 0.000000
1274 0.000000 0.000000
1275 0.000000 0.000000
1276 0.000000 0.000000
1277 0.000000 0.000000
1278 0.000000 0.000000
1279 0.000000 0.000000
1280 0.000000 0.000000
1281 0.000000 0.000000
1282 0.000000 0.000000
1283 0.000000 0.000000
1284 0.000000 0.000000
1285 0.000000 0.000000
1286 0.000000 0.000000
1287 0.000000 0.000000
1288 0.000000 0.000000
1289 0.000000 0.000000
1290 0.000000 0.000000
1291 0.000000 0.000000
1292 0.000000 0.000000
1293 0.000000 0.000000
1294 0.000000 0.000000
1295 0.000000 0.000000
1296 0.000000 0.000000
1297 0.000000 0.000000
1298 0.000000 0.000000
1299 0.000000 0.000000
1300 0.000000 0.000000
1301 0.000000 0.000000
1302 0.000000 0.000000
1303 0.000000 0.000000
1304 0.000000 0.000000
1305 0.000000 0.000000
1306 0.000000 0.000000
1307 0.000000 0.000000
1308 0.000000 0.000000
1309 0.000000 0.000000
1310 0.000000 0.000000
1311 0.000000 0.000000
1312 0.000000 0.000000
1313 0.000000 0.000000
1314 0.000000 0.000000
1315 0.000000 0.000000
1316 0.000000 0.000000
1317 0.000000 0.000000
1318 0.000000 0.000000
1319 0.000000 0.000000
1320 0.000000 0.000000
1321 0.000000 0.000000
1322 0.000000 0.000000
1323 0.000000 0.000000
1324 0.000000 0.000000
1325 0.000000 0.000000
1326 0.000000 0.000000
1327 0.000000 0.000000
1328 0.000000 0.000000
1329 0.000000 0.000000
1330 0.000000 0.000000
1331 0.000000 0.000000
1332 0.000000 0.000000
1333 0.000000 0.000000
1334 0.000000 0.000000
1335 0.000000 0.000000
1336 0.000000 0.000000
1337 0.000000 0.000000
1338 0.000000 0.000000
1339 0.000000 0.000000
1340 0.000000 0.000000
1341 0.000000 0.000000
1342 0.000000 0.000000
1343 0.000000 0.000000
1344 0.000000 0.000000
1345 0.000000 0.000000
1346 0.000000 0.000000
1347 0.000000 0.000000
1348 0.000000 0.000000
1349 0.000000 0.000000
1350 0.000000 0.000000
1351 0.000000 0.000000
1352 0.000000 0.000000
1353 0.000000 0.000000
1354 0.000000 0.000000
1355 0.000000 0.000000
1356 0.000000 0.000000
1357 0.000000 0.000000
1358 0.000000 0.000000
1359 0.000000 0.000000
1360 0.000000 0.000000
1361 0.000000 0.000000
1362 0.000000 0.000000
1363 0.000000 0.000000
1364 0.000000 0.000000
1365 0.000000 0.000000
1366 0.000000 0.000000
1367 0.000000 0.000000
1368 0.000000 0.000000
1369 0.000000 0.000000
1370 0.000000 0.000000
1371 0.000000 0.000000
1372 0.000000 0.000000
1373 0.000000 0.000000
1374 0.000000 0.000000
1375 0.000000 0.000000
1376 0.000000 0.000000
1377 0.000000 0.000000
1378 0.000000 0.000000
1379 0.000000 0.000000
1380 0.000000 0.000000
1381 0.000000 0.000000
1382 0.000000 0.000000
1383 0.000000 0.000000
1384 0.000000 0.000000
1385 0.000000 0.000000
1386 0.000000 0.000000
1387 0.000000 0.000000
1388 0.000000 0.000000
1389 0.000000 0.000000
1390 0.000000 0.000000
1391 0.000000 0.000000
1392 0.000000 0.000000
1393 0.000000 0.000000
1394 0.000000 0.000000
1395 0.000000 0.000000
1396 0.000000 0.000000
1397 0.000000 0.000000
1398 0.000000 0.000000
1399 0.000000 0.000000
1400 0.000000 0.000000
1401 0.000000 0.000000
1402 0.000000 0.000000
1403 0.000000 0.000000
1404 0.000000 0.000000
1405 0.000000 0.000000
1406 0.000000 0.000000
1407 0.000000 0.000000
1408 0.000000 0.000000
1409 0.000000 0.000000
1410 0.000000 0.000000
1411 0.000000 0.000000
1412 0.000000 0.000000
1413 0.000000 0.000000
1414 0.000000 0.000000
1415 0.000000 0.000000
1416 0.000000 0.000000
1417 0.000000 0.000000
1418 0.000000 0.000000
1419 0.000000 0.000000
1420 0.000000 0.000000
1421 0.000000 0.000000
1422 0.000000 0.000000
1423 0.000000 0.000000
1424 0.000000 0.000000
1425 0.000000 0.000000
1426 0.000000 0.000000
1427 0.000000 0.000000
1428 0.000000 0.000000
1429 0.000000 0.000000
1430 0.000000 0.000000
1431 0.000000 0.000000
1432 0.000000 0.000000
1433 0.000000 0.000000
1434 0.000000 0.000000
1435 0.000000 0.000000
1436 0.000000 0.000000
1437 0.000000 0.000000
1438 0.000000 0.000000
1439 0.000000 0.000000
1440 0.000000 0.000000
1441 0.000000 0.000000
1442 0.000000 0.000000
1443 0.000000 0.000000
1444 0.000000 0.000000
1445 0.000000 0.000000
1446 0.000000 0.000000
1447 0.000000 0.000000
1448 0.000000 0.000000
1449 0.000000 0.000000
1450 0.000000 0.000000
1451 0.000000 0.000000
1452 0.000000 0.000000
1453 0.000000 0.000000
1454 0.000000 0.000000
1455 0.000000 0.000000
1456 0.000000 0.000000
1457 0.000000 0.000000
1458 0.000000 0.000000
1459 0.000000 0.000000
1460 0.000000 0.000000
1461 0.000000 0.000000
1462 0.000000 0.000000
1463 0.000000 0.000000
1464 0.000000 0.000000
1465 0.000000 0.000000
1466 0.000000 0.000000
1467 0.000000 0.000000
1468 0.000000 0.000000
1469 0.000000 0.000000
1470 0.000000 0.000000
1471 0.000000 0.000000
1472 0.000000 0.000000
1473 0.000000 0.000000
1474 0.000000 0.000000
1475 0.000000 0.000000
1476 0.000000 0.000000
1477 0.000000 0.000000
1478 0.000000 0.000000
1479 0.000000 0.000000
1480 0.000000 0.000000
1481 0.000000 0.000000
1482 0.000000 0.000000
1483 0.000000 0.000000
1484 0.000000 0.000000
1485 0.000000 0.000000
1486 0.000000 0.000000
1487 0.000000 0.000000
1488 0.000000 0.000000
1489 0.000000 0.000000
1490 0.000000 0.000000
1491 0.000000 0.000000
1492 0.000000 0.000000
1493 0.000000 0.000000
1494 0.000000 0.000000
1495 0.000000 0.000000
1496 0.000000 0.000000
1497 0.000000 0.000000
1498 0.000000 0.000000
1499 0.000000 0.000000
1500 0.000000 0.000000
1501 0.000000 0.000000
1502 0.000000 0.000000
1503 0.000000 0.000000
1504 0.000000 0.000000
1505 0.000000 0.000000
1506 0.000000 0.000000
1507 0.000000 0.000000
1508 0.000000 0.000000
1509 0.000000 0.000000
1510 0.000000 0.000000
1511 0.000000 0.000000
1512 0.000000 0.000000
1513 0.000000 0.000000
1514 0.000000 0.000000
1515 0.000000 0.000000
1516 0.000000 0.000000
1517 0.000000 0.000000
1518 0.000000 0.000000
1519 0.000000 0.000000
1520 0.000000 0.000000
1521 0.000000 0.000000
1522 0.000000 0.000000
1523 0.000000 0.000000
1524 0.000000 0.000000
1525 0.000000 0.000000
1526 0.000000 0.000000
1527 0.000000 0.000000
1528 0.000000 0.000000
1529 0.000000 0.000000
1530 0.000000 0.000000
1531 0.000000 0.000000
1532 0.000000 0.000000
1533 0.000000 0.000000
1534 0.000000 0.000000
1535 0.000000 0.000000
1536 0.000000 0.000000
1537 0.000000 0.000000
1538 0.000000 0.000000
1539 0.000000 0.000000
1540 0.000000 0.000000
1541 0.000000 0.000000
1542 0.000000 0.000000
1543 0.000000 0.000000
1544 0.000000 0.000000
1545 0.000000 0.000000
1546 0.000000 0.000000
1547 0.000000 0.000000
1548 0.000000 0.000000
1549 0.000000 0.000000
1550 0.000000 0.000000
1551 0.000000 0.000000
1552 0.000000 0.000000
1553 0.000000 0.000000
1554 0.000000 0.000000
1555 0.000000 0.000000
1556 0.000000 0.000000
1557 0.000000 0.000000
1558 0.000000 0.000000
1559 0.000000 0.000000
1560 0.000000 0.000000
1561 0.000000 0.000000
1562 0.000000 0.000000
1563 0.000000 0.000000
1564 0.000000 0.000000
1565 0.000000 0.000000
1566 0.000000 0.000000
1567 0.000000 0.000000
1568 0.000000 0.000000
1569 0.000000 0.000000
1570 0.000000 0.000000
1571 0.000000 0.000000
1572 0.000000 0.000000
1573 0.000000 0.000000
1574 0.000000 0.000000
1575 0.000000 0.000000
1576 0.000000 0.000000
1577 0.000000 0.000000
1578 0.000000 0.000000
1579 0.000000 0.000000
1580 0.000000 0.000000
1581 0.000000 0.000000
1582 0.000000 0.000000
1583 0.000000 0.000000
1584 0.000000 0.000000
1585 0.000000 0.000000
1586 0.000000 0.000000
1587 0.000000 0.000000
1588 0.000000 0.000000
1589 0.000000 0.000000
1590 0.000000 0.000000
1591 0.000000 0.000000
1592 0.000000 0.000000
1593 0.000000 0.000000
1594 0.000000 0.000000
1595 0.000000 0.000000
1596 0.000000 0.000000
1597 0.000000 0.000000
1598 0.000000 0.000000
1599 0.000000 0.000000
1600 0.000000 0.000000
1601 0.000000 0.000000
1602 0.000000 0.000000
1603 0.000000 0.000000
1604 0.000000 0.000000
1605 0.000000 0.000000
1606 0.000000 0.000000
1607 0.000000 0.000000
1608 0.000000 0.000000
1609 0.000000 0.000000
1610 0.000000 0.000000
1611 0.000000 0.000000
1612 0.000000 0.000000
1613 0.000000 0.000000
1614 0.000000 0.000000
1615 0.000000 0.000000
1616 0.000000 0.000000
1617 0.000000 0.000000
1618 0.000000 0.000000
1619 0.000000 0.000000
1620 0.000000 0.000000
1621 0.000000 0.000000
1622 0.000000 0.000000
1623 0.000000 0.000000
1624 0.000000 0.000000
1625 0.000000 0.000000
1626 0.000000 0.000000
1627 0.000000 0.000000
1628 0.000000 0.000000
1629 0.000000 0.000000
1630 0.000000 0.000000
1631 0.000000 0.000000
1632 0.000000 0.000000
1633 0.000000 0.000000
1634 0.000000 0.000000
1635 0.000000 0.000000
1636 0.000000 0.000000
1637 0.000000 0.000000
1638 0.000000 0.000000
1639 0.000000 0.000000
1640 0.000000 0.000000
1641 0.000000 0.000000
1642 0.000000 0.000000
1643 0.000000 0.000000
1644 0.000000 0.000000
1645 0.000000 0.000000
1646 0.000000 0.000000
1647 0.000000 0.000000
1648 0.000000 0.000000
1649 0.000000 0.000000
1650 0.000000 0.000000
1651 0.000000 0.000000
1652 0.000000 0.000000
1653 0.000000 0.000000
1654 0.000000 0.000000
1655 0.000000 0.000000
1656 0.000000 0.000000
1657 0.000000 0.000000
1658 0.000000 0.000000
1659 0.000000 0.000000
1660 0.000000 0.000000
1661 0.000000 0.000000
1662 0.000000 0.000000
1663 0.000000 0.000000
1664 0.000000 0.000000
1665 0.000000 0.000000
1666 0.000000 0.000000
1667 0.000000 0.000000
1668 0.000000 0.000000
1669 0.000000 0.000000
1670 0.000000 0.000000
1671 0.000000 0.000000
1672 0.000000 0.000000
1673 0.000000 0.000000
1674 0.000000 0.000000
1675 0.000000 0.000000
1676 0.000000 0.000000
1677 0.000000 0.000000
1678 0.000000 0.000000
1679 0.000000 0.000000
1680 0.000000 0.000000
1681 0.000000 0.000000
1682 0.000000 0.000000
1683 0.000000 0.000000
1684 0.000000 0.000000
1685 0.000000 0.000000
1686 0.000000 0.000000
1687 0.000000 0.000000
1688 0.000000 0.000000
1689 0.000000 0.000000
1690 0.000000 0.000000
1691 0.000000 0.000000
1692 0.000000 0.000000
1693 0.000000 0.000000
1694 0.000000 0.000000
1695 0.000000 0.000000
1696 0.000000 0.000000
1697 0.000000 0.000000
1698 0.000000 0.000000
1699 0.000000 0.000000
1700 0.000000 0.000000
1701 0.000000 0.000000
1702 0.000000 0.000000
1703 0.000000 0.000000
1704 0.000000 0.000000
1705 0.000000 0.000000
1706 0.000000 0.000000
1707 0.000000 0.000000
1708 0.000000 0.000000
1709 0.000000 0.000000
1710 0.000000 0.000000
1711 0.000000 0.000000
1712 0.000000 0.000000
1713 0.000000 0.000000
1714 0.000000 0.000000
1715 0.000000 0.000000
1716 0.000000 0.000000
1717 0.000000 0.000000
1718 0.000000 0.000000
1719 0.000000 0.000000
1720 0.000000 0.000000
1721 0.000000 0.000000
1722 0.000000 0.000000
1723 0.000000 0.000000
1724 0.000000 0.000000
1725 0.000000 0.000000
1726 0.000000 0.000000
1727 0.000000 0.000000
1728 0.000000 0.000000
1729 0.000000 0.000000
1730 0.000000 0.000000
1731 0.000000 0.000000
1732 0.000000 0.000000
1733 0.000000 0.000000
1734 0.000000 0.000000
1735 0.000000 0.000000
1736 0.000000 0.000000
1737 0.000000 0.000000
1738 0.000000 0.000000
1739 0.000000 0.000000
1740 0.000000 0.000000
1741 0.000000 0.000000
1742 0.000000 0.000000
1743 0.000000 0.000000
1744 0.000000 0.000000
1745 0.000000 0.000000
1746 0.000000 0.000000
1747 0.000000 0.000000
1748 0.000000 0.000000
1749 0.000000 0.000000
1750 0.000000 0.000000
1751 0.000000 0.000000
1752 0.000000 0.000000
1753 0.000000 0.000000
1754 0.000000 0.000000
1755 0.000000 0.000000
1756 0.000000 0.000000
1757 0.000000 0.000000
1758 0.000000 0.000000
1759 0.000000 0.000000
1760 0.000000 0.000000
1761 0.000000 0.000000
1762 0.000000 0.000000
1763 0.000000 0.000000
1764 0.000000 0.000000
1765 0.000000 0.000000
1766 0.000000 0.000000
1767 0.000000 0.000000
1768 0.000000 0.000000
1769 0.000000 0.000000
1770 0.000000 0.000000
1771 0.000000 0.000000
1772 0.000000 0.000000
1773 0.000000 0.000000
1774 0.000000 0.000000
1775 0.000000 0.000000
1776 0.000000 0.000000
1777 0.000000 0.000000
1778 0.000000 0.000000
1779 0.000000 0.000000
1780 0.000000 0.000000
1781 0.000000 0.000000
1782 0.000000 0.000000
1783 0.000000 0.000000
1784 0.000000 0.000000
1785 0.000000 0.000000
1786 0.000000 0.000000
1787 0.000000 0.000000
1788 0.000000 0.000000
1789 0.000000 0.000000
1790 0.000000 0.000000
1791 0.000000 0.000000
1792 0.000000 0.000000
1793 0.000000 0.000000
1794 0.000000 0.000000
1795 0.000000 0.000000
1796 0.000000 0.000000
1797 0.000000 0.000000
1798 0.000000 0.000000
1799 0.000000 0.000000
1800 0.000000 0.000000
1801 0.000000 0.000000
1802 0.000000 0.000000
1803 0.000000 0.000000
1804 0.000000 0.000000
1805 0.000000 0.000000
1806 0.000000 0.000000
1807 0.000000 0.000000
1808 0.000000 0.000000
1809 0.000000 0.000000
1810 0.000000 0.000000
1811 0.000000 0.000000
1812 0.000000 0.000000
1813 0.000000 0.000000
1814 0.000000 0.000000
1815 0.000000 0.000000
1816 0.000000 0.000000
1817 0.000000 0.000000
1818 0.000000 0.000000
1819 0.000000 0.000000
1820 0.000000 0.000000
1821 0.000000 0.000000
1822 0.000000 0.000000
1823 0.000000 0.000000
1824 0.000000 0.000000
1825 0.000000 0.000000
1826 0.000000 0.000000
1827 0.000000 0.000000
1828 0.000000 0.000000
1829 0.000000 0.000000
1830 0.000000 0.000000
1831 0.000000 0.000000
1832 0.000000 0.000000
1833 0.000000 0.000000
1834 0.000000 0.000000
1835 0.000000 0.000000
1836 0.000000 0.000000
1837 0.000000 0.000000
1838 0.000000 0.000000
1839 0.000000 0.000000
1840 0.000000 0.000000
1841 0.000000 0.000000
1842 0.000000 0.000000
1843 0.000000 0.000000
1844 0.000000 0.000000
1845 0.000000 0.000000
1846 0.000000 0.000000
1847 0.000000 0.000000
1848 0.000000 0.000000
1849 0.000000 0.000000
1850 0.000000 0.000000
1851 0.000000 0.000000
1852 0.000000 0.000000
1853 0.000000 0.000000
1854 0.000000 0.000000
1855 0.000000 0.000000
1856 0.000000 0.000000
1857 0.000000 0.000000
1858 0.000000 0.000000
1859 0.000000 0.000000
1860 0.000000 0.000000
1861 0.000000 0.000000
1862 0.000000 0.000000
1863 0.000000 0.000000
1864 0.000000 0.000000
1865 0.000000 0.000000
1866 0.000000 0.000000
1867 0.000000 0.000000
1868 0.000000 0.000000
1869 0.000000 0.000000
1870 0.000000 0.000000
1871 0.000000 0.000000
1872 0.000000 0.000000
1873 0.000000 0.000000
1874 0.000000 0.000000
1875 0.000000 0.000000
1876 0.000000 0.000000
1877 0.000000 0.000000
1878 0.000000 0.000000
1879 0.000000 0.000000
1880 0.000000 0.000000
1881 0.000000 0.000000
1882 0.000000 0.000000
1883 0.000000 0.000000
1884 0.000000 0.000000
1885 0.000000 0.000000
1886 0.000000 0.000000
1887 0.000000 0.000000
1888 0.000000 0.000000
1889 0.000000 0.000000
1890 0.000000 0.000000
1891 0.000000 0.000000
1892 0.000000 0.000000
1893 0.000000 0.000000
1894 0.000000 0.000000
1895 0.000000 0.000000
1896 0.000000 0.000000
1897 0.000000 0.000000
1898 0.000000 0.000000
1899 0.000000 0.000000
1900 0.000000 0.000000
1901 0.000000 0.000000
1902 0.000000 0.000000
1903 0.000000 0.000000
1904 0.000000 0.000000
1905 0.000000 0.000000
1906 0.000000 0.000000
1907 0.000000 0.000000
1908 0.000000 0.000000
1909 0.000000 0.000000
1910 0.000000 0.000000
1911 0.000000 0.000000
1912 0.000000 0.000000
1913 0.000000 0.000000
1914 0.000000 0.000000
1915 0.000000 0.000000
1916 0.000000 0.000000
1917 0.000000 0.000000
1918 0.000000 0.000000
1919 0.000000 0.000000
1920 0.000000 0.000000
1921 0.000000 0.000000
1922 0.000000 0.000000
1923 0.000000 0.000000
1924 0.000000 0.000000
1925 0.000000 0.000000
1926 0.000000 0.000000
1927 0.000000 0.000000
1928 0.000000 0.000000
1929 0.000000 0.000000
1930 0.000000 0.000000
1931 0.000000 0.000000
1932 0.000000 0.000000
1933 0.000000 0.000000
1934 0.000000 0.000000
1935 0.000000 0.000000
1936 0.000000 0.000000
1937 0.000000 0.000000
1938 0.000000 0.000000
1939 0.000000 0.000000
1940 0.000000 0.000000
1941 0.000000 0.000000
1942 0.000000 0.000000
1943 0.000000 0.000000
1944 0.000000 0.000000
1945 0.000000 0.000000
1946 0.000000 0.000000
1947 0.000000 0.000000
1948 0.000000 0.000000
1949 0.000000 0.000000
1950 0.000000 0.000000
1951 0.000000 0.000000
1952 0.000000 0.000000
1953 0.000000 0.000000
1954 0.000000 0.000000
1955 0.000000 0.000000
1956 0.000000 0.000000
1957 0.000000 0.000000
1958 0.000000 0.000000
1959 0.000000 0.000000
1960 0.000000 0.000000
1961 0.000000 0.000000
1962 0.000000 0.000000
1963 0.000000 0.000000
1964 0.000000 0.000000
1965 0.000000 0.000000
1966 0.000000 0.000000
1967 0.000000 0.000000
1968 0.000000 0.000000
1969 0.000000 0.000000
1970 0.000000 0.000000
1971 0.000000 0.000000
1972 0.000000 0.000000
1973 0.000000 0.000000
1974 0.000000 0.000000
1975 0.000000 0.000000
1976 0.000000 0.000000
1977 0.000000 0.000000
1978 0.000000 0.000000
1979 0.000000 0.000000
1980 0.000000 0.000000
1981 0.000000 0.000000
1982 0.000000 0.000000
1983 0.000000 0.000000
1984 0.000000 0.000000
1985 0.000000 0.000000
1986 0.000000 0.000000
1987 0.000000 0.000000
1988 0.000000 0.000000
1989 0.000000 0.000000
1990 0.000000 0.000000
1991 0.000000 0.000000
1992 0.000000 0.000000
1993 0.000000 0.000000
1994 0.000000 0.000000
1995 0.000000 0.000000
1996 0.000000 0.000000
1997 0.000000 0.000000
1998 0.000000 0.000000
1999 0.000000 0.000000
2000 0.000000 0.000000
2001 0.000000 0.000000
2002 0.000000 0.000000
2003 0.000000 0.000000
2004 0.000000 0.000000
2005 0.000000 0.000000
2006 0.000000 0.000000
2007 0.000000 0.000000
2008 0.000000 0.000000
2009 0.000000 0.000000
2010 0.000000 0.000000
2011 0.000000 0.000000
2012 0.000000 0.000000
2013 0.000000 0.000000
2014 0.000000 0.000000
2015 0.000000 0.000000
2016 0.000000 0.000000
2017 0.000000 0.000000
2018 0.000000 0.000000
2019 0.000000 0.000000
2020 0.000000 0.000000
2021 0.000000 0.000000
2022 0.000000 0.000000
2023 0.000000 0.000000
2024 0.000000 0.000000
2025 0.000000 0.000000
2026 0.000000 0.000000
2027 0.000000 0.000000
2028 0.000000 0.000000
2029 0.000000 0.000000
2030 0.000000 0.000000
2031 0.000000 0.000000
2032 0.000000 0.000000
2033 0.000000 0.000000
2034 0.000000 0.000000
2035 0.000000 0.000000
2036 0.000000 0.000000
2037 0.000000 0.000000
2038 0.000000 0.000000
2039 0.000000 0.000000
2040 0.000000 0.000000
2041 0.000000 0.000000
2042 0.000000 0.000000
2043 0.000000 0.000000
2044 0.000000 0.000000
2045 0.000000 0.000000
2046 0.000000 0.000000
2047 0.000000 0.000000
2048 0.000000 0.000000
2049 0.000000 0.000000
2050 0.000000 0.000000
2051 0.000000 0.000000
2052 0.000000 0.000000
2053 0.000000 0.000000
2054 0.000000 0.000000
2055 0.000000 0.000000
2056 0.000000 0.000000
2057 0.000000 0.000000
2058 0.000000 0.000000
2059 0.000000 0.000000
2060 0.000000 0.000000
2061 0.000000 0.000000
2062 0.000000 0.000000
2063 0.000000 0.000000
2064 0.000000 0.000000
2065 0.000000 0.000000
2066 0.000000 0.000000
2067 0.000000 0.000000
2068 0.000000 0.000000
2069 0.000000 0.000000
2070 0.000000 0.000000
2071 0.000000 0.000000
2072 0.000000 0.000000
2073 0.000000 0.000000
2074 0.000000 0.000000
2075 0.000000 0.000000
2076 0.000000 0.000000
2077 0.000000 0.000000
2078 0.000000 0.000000
2079 0.000000 0.000000
2080 0.000000 0.000000
2081 0.000000 0.000000
2082 0.000000 0.000000
2083 0.000000 0.000000
2084 0.000000 0.000000
2085 0.000000 0.000000
2086 0.000000 0.000000
2087 0.000000 0.000000
2088 0.000000 0.000000
2089 0.000000 0.000000
2090 0.000000 0.000000
2091 0.000000 0.000000
2092 0.000000 0.000000
2093 0.000000 0.000000
2094 0.000000 0.000000
2095 0.000000 0.000000
2096 0.000000 0.000000
2097 0.000000 0.000000
2098 0.000000 0.000000
2099 0.000000 0.000000
2100 0.000000 0.000000
2101 0.000000 0.000000
2102 0.000000 0.000000
2103 0.000000 0.000000
2104 0.000000 0.000000
2105 0.000000 0.000000
2106 0.000000 0.000000
2107 0.000000 0.000000
2108 0.000000 0.000000
2109 0.000000 0.000000
2110 0.000000 0.000000
2111 0.000000 0.000000
2112 0.000000 0.000000
2113 0.000000 0.000000
2114 0.000000 0.000000
2115 0.000000 0.000000
2116 0.000000 0.000000
2117 0.000000 0.000000
2118 0.000000 0.000000
2119 0.000000 0.000000
2120 0.000000 0.000000
2121 0.000000 0.000000
2122 0.000000 0.000000
2123 0.000000 0.000000
2124 0.000000 0.000000
2125 0.000000 0.000000
2126 0.000000 0.000000
2127 0.000000 0.000000
2128 0.000000 0.000000
2129 0.000000 0.000000
2130 0.000000 0.000000
2131 0.000000 0.000000
2132 0.000000 0.000000
2133 0.000000 0.000000
2134 0.000000 0.000000
2135 0.000000 0.000000
2136 0.000000 0.000000
2137 0.000000 0.000000
2138 0.000000 0.000000
2139 0.000000 0.000000
2140 0.000000 0.000000
2141 0.000000 0.000000
2142 0.000000 0.000000
2143 0.000000 0.000000
2144 0.000000 0.000000
2145 0.000000 0.000000
2146 0.000000 0.000000
2147 0.000000 0.000000
2148 0.000000 0.000000
2149 0.000000 0.000000
2150 0.000000 0.000000
2151 0.000000 0.000000
2152 0.000000 0.000000
2153 0.000000 0.000000
2154 0.000000 0.000000
2155 0.000000 0.000000
2156 0.000000 0.000000
2157 0.000000 0.000000
2158 0.000000 0.000000
2159 0.000000 0.000000
2160 0.000000 0.000000
2161 0.000000 0.000000
2162 0.000000 0.000000
2163 0.000000 0.000000
2164 0.000000 0.000000
2165 0.000000 0.000000
2166 0.000000 0.000000
2167 0.000000 0.000000
2168 0.000000 0.000000
2169 0.000000 0.000000
2170 0.000000 0.000000
2171 0.000000 0.000000
2172 0.000000 0.000000
2173 0.000000 0.000000
2174 0.000000 0.000000
2175 0.000000 0.000000
2176 0.000000 0.000000
2177 0.000000 0.000000
2178 0.000000 0.000000
2179 0.000000 0.000000
2180 0.000000 0.000000
2181 0.000000 0.000000
2182 0.000000 0.000000
2183 0.000000 0.000000
2184 0.000000 0.000000
2185 0.000000 0.000000
2186 0.000000 0.000000
2187 0.000000 0.000000
2188 0.000000 0.000000
2189 0.000000 0.000000
2190 0.000000 0.000000
2191 0.000000 0.000000
2192 0.000000 0.000000
2193 0.000000 0.000000
2194 0.000000 0.000000
2195 0.000000 0.000000
2196 0.000000 0.000000
2197 0.000000 0.000000
2198 0.000000 0.000000
2199 0.000000 0.000000
2200 0.000000 0.000000
2201 0.000000 0.000000
2202 0.000000 0.000000
2203 0.000000 0.000000
2204 0.000000 0.000000
2205 0.000000 0.000000
2206 0.000000 0.000000
2207 0.000000 0.000000
2208 0.000000 0.000000
2209 0.000000 0.000000
2210 0.000000 0.000000
2211 0.000000 0.000000
2212 0.000000 0.000000
2213 0.000000 0.000000
2214 0.000000 0.000000
2215 0.000000 0.000000
2216 0.000000 0.000000
2217 0.000000 0.000000
2218 0.000000 0.000000
2219 0.000000 0.000000
2220 0.000000 0.000000
2221 0.000000 0.000000
2222 0.000000 0.000000
2223 0.000000 0.000000
2224 0.000000 0.000000
2225 0.000000 0.000000
2226 0.000000 0.000000
2227 0.000000 0.000000
2228 0.000000 0.000000
2229 0.000000 0.000000
2230 0.000000 0.000000
2231 0.000000 0.000000
2232 0.000000 0.000000
2233 0.000000 0.000000
2234 0.000000 0.000000
2235 0.000000 0.000000
2236 0.000000 0.000000
2237 0.000000 0.000000
2238 0.000000 0.000000
2239 0.000000 0.000000
2240 0.000000 0.000000
2241 0.000000 0.000000
2242 0.000000 0.000000
2243 0.000000 0.000000
2244 0.000000 0.000000
2245 0.000000 0.000000
2246 0.000000 0.000000
2247 0.000000 0.000000
2248 0.000000 0.000000
2249 0.000000 0.000000
2250 0.000000 0.000000
2251 0.000000 0.000000
2252 0.000000 0.000000
2253 0.000000 0.000000
2254 0.000000 0.000000
2255 0.000000 0.000000
2256 0.000000 0.000000
2257 0.000000 0.000000
2258 0.000000 0.000000
2259 0.000000 0.000000
2260 0.000000 0.000000
2261 0.000000 0.000000
2262 0.000000 0.000000
2263 0.000000 0.000000
2264 0.000000 0.000000
2265 0.000000 0.000000
2266 0.000000 0.000000
2267 0.000000 0.000000
2268 0.000000 0.000000
2269 0.000000 0.000000
2270 0.000000 0.000000
2271 0.000000 0.000000
2272 0.000000 0.000000
2273 0.000000 0.000000
2274 0.000000 0.000000
2275 0.000000 0.000000
2276 0.000000 0.000000
2277 0.000000 0.000000
2278 0.000000 0.000000
2279 0.000000 0.000000
2280 0.000000 0.000000
2281 0.000000 0.000000
2282 0.000000 0.000000
2283 0.000000 0.000000
2284 0.000000 0.000000
2285 0.000000 0.000000
2286 0.000000 0.000000
2287 0.000000 0.000000
2288 0.000000 0.000000
2289 0.000000 0.000000
2290 0.000000 0.000000
2291 0.000000 0.000000
2292 0.000000 0.000000
2293 0.000000 0.000000
2294 0.000000 0.000000
2295 0.000000 0.000000
2296 0.000000 0.000000
2297 0.000000 0.000000
2298 0.000000 0.000000
2299 0.000000 0.000000
2300 0.000000 0.000000
2301 0.000000 0.000000
2302 0.000000 0.000000
2303 0.000000 0.000000
2304 0.000000 0.000000
2305 0.000000 0.000000
2306 0.000000 0.000000
2307 0.000000 0.000000
2308 0.000000 0.000000
2309 0.000000 0.000000
2310 0.000000 0.000000
2311 0.000000 0.000000
2312 0.000000 0.000000
2313 0.000000 0.000000
2314 0.000000 0.000000
2315 0.000000 0.000000
2316 0.000000 0.000000
2317 0.000000 0.000000
2318 0.000000 0.000000
2319 0.000000 0.000000
2320 0.000000 0.000000
2321 0.000000 0.000000
2322 0.000000 0.000000
2323 0.000000 0.000000
2324 0.000000 0.000000
2325 0.000000 0.000000
2326 0.000000 0.000000
2327 0.000000 0.000000
2328 0.000000 0.000000
2329 0.000000 0.000000
2330 0.000000 0.000000
2331 0.000000 0.000000
2332 0.000000 0.000000
2333 0.000000 0.000000
2334 0.000000 0.000000
2335 0.000000 0.000000
2336 0.000000 0.000000
2337 0.000000 0.000000
2338 0.000000 0.000000
2339 0.000000 0.000000
2340 0.000000 0.000000
2341 0.000000 0.000000
2342 0.000000 0.000000
2343 0.000000 0.000000
2344 0.000000 0.000000
2345 0.000000 0.000000
2346 0.000000 0.000000
2347 0.000000 0.000000
2348 0.000000 0.000000
2349 0.000000 0.000000
2350 0.000000 0.000000
2351 0.000000 0.000000
2352 0.000000 0.000000
2353 0.000000 0.000000
2354 0.000000 0.000000
2355 0.000000 0.000000
2356 0.000000 0.000000
2357 0.000000 0.000000
2358 0.000000 0.000000
2359 0.000000 0.000000
2360 0.000000 0.000000
2361 0.000000 0.000000
2362 0.000000 0.000000
2363 0.000000 0.000000
2364 0.000000 0.000000
2365 0.000000 0.000000
2366 0.000000 0.000000
2367 0.000000 0.000000
2368 0.000000 0.000000
2369 0.000000 0.000000
2370 0.000000 0.000000
2371 0.000000 0.000000
2372 0.000000 0.000000
2373 0.000000 0.000000
2374 0.000000 0.000000
2375 0.000000 0.000000
2376 0.000000 0.000000
2377 0.000000 0.000000
2378 0.000000 0.000000
2379 0.000000 0.000000
2380 0.000000 0.000000
2381 0.000000 0.000000
2382 0.000000 0.000000
2383 0.000000 0.000000
2384 0.000000 0.000000
2385 0.000000 0.000000
2386 0.000000 0.000000
2387 0.000000 0.000000
2388 0.000000 0.000000
2389 0.000000 0.000000
2390 0.000000 0.000000
2391 0.000000 0.000000
2392 0.000000 0.000000
2393 0.000000 0.000000
2394 0.000000 0.000000
2395 0.000000 0.000000
2396 0.000000 0.000000
2397 0.000000 0.000000
2398 0.000000 0.000000
2399 0.000000 0.000000
2400 0.000000 0.000000
2401 0.000000 0.000000
2402 0.000000 0.000000
2403 0.000000 0.000000
2404 0.000000 0.000000
2405 0.000000 0.000000
2406 0.000000 0.000000
2407 0.000000 0.000000
2408 0.000000 0.000000
2409 0.000000 0.000000
2410 0.000000 0.000000
2411 0.000000 0.000000
2412 0.000000 0.000000
2413 0.000000 0.000000
2414 0.000000 0.000000
2415 0.000000 0.000000
2416 0.000000 0.000000
2417 0.000000 0.000000
2418 0.000000 0.000000
2419 0.000000 0.000000
2420 0.000000 0.000000
2421 0.000000 0.000000
2422 0.000000 0.000000
2423 0.000000 0.000000
2424 0.000000 0.000000
2425 0.000000 0.000000
2426 0.000000 0.000000
2427 0.000000 0.000000
2428 0.000000 0.000000
2429 0.000000 0.000000
2430 0.000000 0.000000
2431 0.000000 0.000000
2432 0.000000 0.000000
2433 0.000000 0.000000
2434 0.000000 0.000000
2435 0.000000 0.000000
2436 0.000000 0.000000
2437 0.000000 0.000000
2438 0.000000 0.000000
2439 0.000000 0.000000
2440 0.000000 0.000000
2441 0.000000 0.000000
2442 0.000000 0.000000
2443 0.000000 0.000000
2444 0.000000 0.000000
2445 0.000000 0.000000
2446 0.000000 0.000000
2447 0.000000 0.000000
2448 0.000000 0.000000
2449 0.000000 0.000000
2450 0.000000 0.000000
2451 0.000000 0.000000
2452 0.000000 0.000000
2453 0.000000 0.000000
2454 0.000000 0.000000
2455 0.000000 0.000000
2456 0.000000 0.000000
2457 0.000000 0.000000
2458 0.000000 0.000000
2459 0.000000 0.000000
2460 0.000000 0.000000
2461 0.000000 0.000000
2462 0.000000 0.000000
2463 0.000000 0.000000
2464 0.000000 0.000000
2465 0.000000 0.000000
2466 0.000000 0.000000
2467 0.000000 0.000000
2468 0.000000 0.000000
2469 0.000000 0.000000
2470 0.000000 0.000000
2471 0.000000 0.000000
2472 0.000000 0.000000
2473 0.000000 0.000000
2474 0.000000 0.000000
2475 0.000000 0.000000
2476 0.000000 0.000000
2477 0.000000 0.000000
2478 0.000000 0.000000
2479 0.000000 0.000000
2480 0.000000 0.000000
2481 0.000000 0.000000
2482 0.000000 0.000000
2483 0.000000 0.000000
2484 0.000000 0.000000
2485 0.000000 0.000000
2486 0.000000 0.000000
2487 0.000000 0.000000
2488 0.000000 0.000000
2489 0.000000 0.000000
2490 0.000000 0.000000
2491 0.000000 0.000000
2492 0.000000 0.000000
2493 0.000000 0.000000
2494 0.000000 0.000000
2495 0.000000 0.000000
2496 0.000000 0.000000
2497 0.000000 0.000000
2498 0.000000 0.000000
2499 0.000000 0.000000
2500 0.000000 0.000000
2501 0.000000 0.000000
2502 0.000000 0.000000
2503 0.000000 0.000000
2504 0.000000 0.000000
2505 0.000000 0.000000
2506 0.000000 0.000000
2507 0.000000 0.000000
2508 0.000000 0.000000
2509 0.000000 0.000000
2510 0.000000 0.000000
2511 0.000000 0.000000
2512 0.000000 0.000000
2513 0.000000 0.000000
2514 0.000000 0.000000
2515 0.000000 0.000000
2516 0.000000 0.000000
2517 0.000000 0.000000
2518 0.000000 0.000000
2519 0.000000 0.000000
2520 0.000000 0.000000
2521 0.000000 0.000000
2522 0.000000 0.000000
2523 0.000000 0.000000
2524 0.000000 0.000000
2525 0.000000 0.000000
2526 0.000000 0.000000
2527 0.000000 0.000000
2528 0.000000 0.000000
2529 0.000000 0.000000
2530 0.000000 0.000000
2531 0.000000 0.000000
2532 0.000000 0.000000
2533 0.000000 0.000000
2534 0.000000 0.000000
2535 0.000000 0.000000
2536 0.000000 0.000000
2537 0.000000 0.000000
2538 0.000000 0.000000
2539 0.000000 0.000000
2540 0.000000 0.000000
2541 0.000000 0.000000
2542 0.000000 0.000000
2543 0.000000 0.000000
2544 0.000000 0.000000
2545 0.000000 0.000000
2546 0.000000 0.000000
2547 0.000000 0.000000
2548 0.000000 0.000000
2549 0.000000 0.000000
2550 0.000000 0.000000
2551 0.000000 0.000000
2552 0.000000 0.000000
2553 0.000000 0.000000
2554 0.000000 0.000000
2555 0.000000 0.000000
2556 0.000000 0.000000
2557 0.000000 0.000000
2558 0.000000 0.000000
2559 0.000000 0.000000
2560 0.000000 0.000000
2561 0.000000 0.000000
2562 0.000000 0.000000
2563 0.000000 0.000000
2564 0.000000 0.000000
2565 0.000000 0.000000
2566 0.000000 0.000000
2567 0.000000 0.000000
2568 0.000000 0.000000
2569 0.000000 0.000000
2570 0.000000 0.000000
2571 0.000000 0.000000
2572 0.000000 0.000000
2573 0.000000 0.000000
2574 0.000000 0.000000
2575 0.000000 0.000000
2576 0.000000 0.000000
2577 0.000000 0.000000
2578 0.000000 0.000000
2579 0.000000 0.000000
2580 0.000000 0.000000
2581 0.000000 0.000000
2582 0.000000 0.000000
2583 0.000000 0.000000
2584 0.000000 0.000000
2585 0.000000 0.000000
2586 0.000000 0.000000
2587 0.000000 0.000000
2588 0.000000 0.000000
2589 0.000000 0.000000
2590 0.000000 0.000000
2591 0.000000 0.000000
2592 0.000000 0.000000
2593 0.000000 0.000000
2594 0.000000 0.000000
2595 0.000000 0.000000
2596 0.000000 0.000000
2597 0.000000 0.000000
2598 0.000000 0.000000
2599 0.000000 0.000000
