12883132
-200.0 0 0
-199.9 0 0
-199.8 0 0
-199.7 0 0
-199.6 0 0
-199.5 0 0
-199.4 0 0
-199.3 0 0
-199.2 0 0
-199.1 0 0
-199.0 0 0
-198.9 0 0
-198.8 0 0
-198.7 0 0
-198.6 0 0
-198.5 0 0
-198.4 0 0
-198.3 0 0
-198.2 0 0
-198.1 0 0
-198.0 0 0
-197.9 0 0
-197.8 0 0
-197.7 0 0
-197.6 0 0
-197.5 0 0
-197.4 0 0
-197.3 0 0
-197.2 0 0
-197.1 0 0
-197.0 0 0
-196.9 0 0
-196.8 0 0
-196.7 0 0
-196.6 0 0
-196.5 0 0
-196.4 0 0
-196.3 0 0
-196.2 0 0
-196.1 0 0
-196.0 0 0
-195.9 0 0
-195.8 0 0
-195.7 0 0
-195.6 0 0
-195.5 0 0
-195.4 0 0
-195.3 0 0
-195.2 0 0
-195.1 0 0
-195.0 0 0
-194.9 0 0
-194.8 0 0
-194.7 0 0
-194.6 0 0
-194.5 0 0
-194.4 0 0
-194.3 0 0
-194.2 0 0
-194.1 0 0
-194.0 0 0
-193.9 0 0
-193.8 0 0
-193.7 0 0
-193.6 0 0
-193.5 0 0
-193.4 0 0
-193.3 0 0
-193.2 0 0
-193.1 0 0
-193.0 0 0
-192.9 0 0
-192.8 0 0
-192.7 0 0
-192.6 0 0
-192.5 0 0
-192.4 0 0
-192.3 0 0
-192.2 0 0
-192.1 0 0
-192.0 0 0
-191.9 0 0
-191.8 0 0
-191.7 0 0
-191.6 0 0
-191.5 0 0
-191.4 0 0
-191.3 0 0
-191.2 0 0
-191.1 0 0
-191.0 0 0
-190.9 0 0
-190.8 0 0
-190.7 0 0
-190.6 0 0
-190.5 0 0
-190.4 0 0
-190.3 0 0
-190.2 0 0
-190.1 0 0
-190.0 0 0
-189.9 0 0
-189.8 0 0
-189.7 0 0
-189.6 0 0
-189.5 0 0
-189.4 0 0
-189.3 0 0
-189.2 0 0
-189.1 0 0
-189.0 0 0
-188.9 0 0
-188.8 0 0
-188.7 0 0
-188.6 0 0
-188.5 0 0
-188.4 0 0
-188.3 0 0
-188.2 0 0
-188.1 0 0
-188.0 0 0
-187.9 0 0
-187.8 0 0
-187.7 0 0
-187.6 0 0
-187.5 0 0
-187.4 0 0
-187.3 0 0
-187.2 0 0
-187.1 0 0
-187.0 0 0
-186.9 0 0
-186.8 0 0
-186.7 0 0
-186.6 0 0
-186.5 0 0
-186.4 0 0
-186.3 0 0
-186.2 0 0
-186.1 0 0
-186.0 0 0
-185.9 0 0
-185.8 0 0
-185.7 0 0
-185.6 0 0
-185.5 0 0
-185.4 0 0
-185.3 0 0
-185.2 0 0
-185.1 0 0
-185.0 0 0
-184.9 0 0
-184.8 0 0
-184.7 0 0
-184.6 0 0
-184.5 0 0
-184.4 0 0
-184.3 0 0
-184.2 0 0
-184.1 0 0
-184.0 0 0
-183.9 0 0
-183.8 0 0
-183.7 0 0
-183.6 0 0
-183.5 0 0
-183.4 0 0
-183.3 0 0
-183.2 0 0
-183.1 0 0
-183.0 0 0
-182.9 0 0
-182.8 0 0
-182.7 0 0
-182.6 0 0
-182.5 0 0
-182.4 0 0
-182.3 0 0
-182.2 0 0
-182.1 0 0
-182.0 0 0
-181.9 0 0
-181.8 0 0
-181.7 0 0
-181.6 0 0
-181.5 0 0
-181.4 0 0
-181.3 0 0
-181.2 0 0
-181.1 0 0
-181.0 0 0
-180.9 0 0
-180.8 0 0
-180.7 0 0
-180.6 0 0
-180.5 0 0
-180.4 0 0
-180.3 0 0
-180.2 0 0
-180.1 0 0
-180.0 0 0
-179.9 0 0
-179.8 0 0
-179.7 0 0
-179.6 0 0
-179.5 0 0
-179.4 0 0
-179.3 0 0
-179.2 0 0
-179.1 0 0
-179.0 0 0
-178.9 0 0
-178.8 0 0
-178.7 0 0
-178.6 0 0
-178.5 0 0
-178.4 0 0
-178.3 0 0
-178.2 0 0
-178.1 0 0
-178.0 0 0
-177.9 0 0
-177.8 0 0
-177.7 0 0
-177.6 0 0
-177.5 0 0
-177.4 0 0
-177.3 0 0
-177.2 0 0
-177.1 0 0
-177.0 0 0
-176.9 0 0
-176.8 0 0
-176.7 0 0
-176.6 0 0
-176.5 0 0
-176.4 0 0
-176.3 0 0
-176.2 0 0
-176.1 0 0
-176.0 0 0
-175.9 0 0
-175.8 0 0
-175.7 0 0
-175.6 0 0
-175.5 0 0
-175.4 0 0
-175.3 0 0
-175.2 0 0
-175.1 0 0
-175.0 0 0
-174.9 0 0
-174.8 0 0
-174.7 0 0
-174.6 0 0
-174.5 0 0
-174.4 0 0
-174.3 0 0
-174.2 0 0
-174.1 0 0
-174.0 0 0
-173.9 0 0
-173.8 0 0
-173.7 0 0
-173.6 0 0
-173.5 0 0
-173.4 0 0
-173.3 0 0
-173.2 0 0
-173.1 0 0
-173.0 0 0
-172.9 0 0
-172.8 0 0
-172.7 0 0
-172.6 0 0
-172.5 0 0
-172.4 0 0
-172.3 0 0
-172.2 0 0
-172.1 0 0
-172.0 0 0
-171.9 0 0
-171.8 0 0
-171.7 0 0
-171.6 0 0
-171.5 0 0
-171.4 0 0
-171.3 0 0
-171.2 0 0
-171.1 0 0
-171.0 0 0
-170.9 0 0
-170.8 0 0
-170.7 0 0
-170.6 0 0
-170.5 0 0
-170.4 0 0
-170.3 0 0
-170.2 0 0
-170.1 0 0
-170.0 0 0
-169.9 0 0
-169.8 0 0
-169.7 0 0
-169.6 0 0
-169.5 0 0
-169.4 0 0
-169.3 0 0
-169.2 0 0
-169.1 0 0
-169.0 0 0
-168.9 0 0
-168.8 0 0
-168.7 0 0
-168.6 0 0
-168.5 0 0
-168.4 0 0
-168.3 0 0
-168.2 0 0
-168.1 0 0
-168.0 0 0
-167.9 0 0
-167.8 0 0
-167.7 0 0
-167.6 0 0
-167.5 0 0
-167.4 0 0
-167.3 0 0
-167.2 0 0
-167.1 0 0
-167.0 0 0
-166.9 0 0
-166.8 0 0
-166.7 0 0
-166.6 0 0
-166.5 0 0
-166.4 0 0
-166.3 0 0
-166.2 0 0
-166.1 0 0
-166.0 0 0
-165.9 0 0
-165.8 0 0
-165.7 0 0
-165.6 0 0
-165.5 0 0
-165.4 0 0
-165.3 0 0
-165.2 0 0
-165.1 0 0
-165.0 0 0
-164.9 0 0
-164.8 0 0
-164.7 0 0
-164.6 0 0
-164.5 0 0
-164.4 0 0
-164.3 0 0
-164.2 0 0
-164.1 0 0
-164.0 0 0
-163.9 0 0
-163.8 0 0
-163.7 0 0
-163.6 0 0
-163.5 0 0
-163.4 0 0
-163.3 0 0
-163.2 0 0
-163.1 0 0
-163.0 0 0
-162.9 0 0
-162.8 0 0
-162.7 0 0
-162.6 0 0
-162.5 0 0
-162.4 0 0
-162.3 0 0
-162.2 0 0
-162.1 0 0
-162.0 0 0
-161.9 0 0
-161.8 0 0
-161.7 0 0
-161.6 0 0
-161.5 0 0
-161.4 0 0
-161.3 0 0
-161.2 0 0
-161.1 0 0
-161.0 0 0
-160.9 0 0
-160.8 0 0
-160.7 0 0
-160.6 0 0
-160.5 0 0
-160.4 0 0
-160.3 0 0
-160.2 0 0
-160.1 0 0
-160.0 0 0
-159.9 0 0
-159.8 0 0
-159.7 0 0
-159.6 0 0
-159.5 0 0
-159.4 0 0
-159.3 0 0
-159.2 0 0
-159.1 0 0
-159.0 0 0
-158.9 0 0
-158.8 0 0
-158.7 0 0
-158.6 0 0
-158.5 0 0
-158.4 0 0
-158.3 0 0
-158.2 0 0
-158.1 0 0
-158.0 0 0
-157.9 0 0
-157.8 0 0
-157.7 0 0
-157.6 0 0
-157.5 0 0
-157.4 0 0
-157.3 0 0
-157.2 0 0
-157.1 0 0
-157.0 0 0
-156.9 0 0
-156.8 0 0
-156.7 0 0
-156.6 0 0
-156.5 0 0
-156.4 0 0
-156.3 0 0
-156.2 0 0
-156.1 0 0
-156.0 0 0
-155.9 0 0
-155.8 0 0
-155.7 0 0
-155.6 0 0
-155.5 0 0
-155.4 0 0
-155.3 0 0
-155.2 0 0
-155.1 0 0
-155.0 0 0
-154.9 0 0
-154.8 0 0
-154.7 0 0
-154.6 0 0
-154.5 0 0
-154.4 0 0
-154.3 0 0
-154.2 0 0
-154.1 0 0
-154.0 0 0
-153.9 0 0
-153.8 0 0
-153.7 0 0
-153.6 0 0
-153.5 0 0
-153.4 0 0
-153.3 0 0
-153.2 0 0
-153.1 0 0
-153.0 0 0
-152.9 0 0
-152.8 0 0
-152.7 0 0
-152.6 0 0
-152.5 0 0
-152.4 0 0
-152.3 0 0
-152.2 0 0
-152.1 0 0
-152.0 0 0
-151.9 0 0
-151.8 0 0
-151.7 0 0
-151.6 0 0
-151.5 0 0
-151.4 0 0
-151.3 0 0
-151.2 0 0
-151.1 0 0
-151.0 0 0
-150.9 0 0
-150.8 0 0
-150.7 0 0
-150.6 0 0
-150.5 0 0
-150.4 0 0
-150.3 0 0
-150.2 0 0
-150.1 0 0
-150.0 0 0
-149.9 0 0
-149.8 0 0
-149.7 0 0
-149.6 0 0
-149.5 0 0
-149.4 0 0
-149.3 0 0
-149.2 0 0
-149.1 0 0
-149.0 0 0
-148.9 0 0
-148.8 0 0
-148.7 0 0
-148.6 0 0
-148.5 0 0
-148.4 0 0
-148.3 0 0
-148.2 0 0
-148.1 0 0
-148.0 0 0
-147.9 0 0
-147.8 0 0
-147.7 0 0
-147.6 0 0
-147.5 0 0
-147.4 0 0
-147.3 0 0
-147.2 0 0
-147.1 0 0
-147.0 0 0
-146.9 0 0
-146.8 0 0
-146.7 0 0
-146.6 0 0
-146.5 0 0
-146.4 0 0
-146.3 0 0
-146.2 0 0
-146.1 0 0
-146.0 0 0
-145.9 0 0
-145.8 0 0
-145.7 0 0
-145.6 0 0
-145.5 0 0
-145.4 0 0
-145.3 0 0
-145.2 0 0
-145.1 0 0
-145.0 0 0
-144.9 0 0
-144.8 0 0
-144.7 0 0
-144.6 0 0
-144.5 0 0
-144.4 0 0
-144.3 0 0
-144.2 0 0
-144.1 0 0
-144.0 0 0
-143.9 0 0
-143.8 0 0
-143.7 0 0
-143.6 0 0
-143.5 0 0
-143.4 0 0
-143.3 0 0
-143.2 0 0
-143.1 0 0
-143.0 0 0
-142.9 0 0
-142.8 0 0
-142.7 0 0
-142.6 0 0
-142.5 0 0
-142.4 0 0
-142.3 0 0
-142.2 0 0
-142.1 0 0
-142.0 0 0
-141.9 0 0
-141.8 0 0
-141.7 0 0
-141.6 0 0
-141.5 0 0
-141.4 0 0
-141.3 0 0
-141.2 0 0
-141.1 0 0
-141.0 0 0
-140.9 0 0
-140.8 0 0
-140.7 0 0
-140.6 0 0
-140.5 0 0
-140.4 0 0
-140.3 0 0
-140.2 0 0
-140.1 0 0
-140.0 0 0
-139.9 0 0
-139.8 0 0
-139.7 0 0
-139.6 0 0
-139.5 0 0
-139.4 0 0
-139.3 0 0
-139.2 0 0
-139.1 0 0
-139.0 0 0
-138.9 0 0
-138.8 0 0
-138.7 0 0
-138.6 0 0
-138.5 0 0
-138.4 0 0
-138.3 0 0
-138.2 0 0
-138.1 0 0
-138.0 0 0
-137.9 0 0
-137.8 0 0
-137.7 0 0
-137.6 0 0
-137.5 0 0
-137.4 0 0
-137.3 0 0
-137.2 0 0
-137.1 0 0
-137.0 0 0
-136.9 0 0
-136.8 0 0
-136.7 0 0
-136.6 0 0
-136.5 0 0
-136.4 0 0
-136.3 0 0
-136.2 0 0
-136.1 0 0
-136.0 0 0
-135.9 0 0
-135.8 0 0
-135.7 0 0
-135.6 0 0
-135.5 0 0
-135.4 0 0
-135.3 0 0
-135.2 0 0
-135.1 0 0
-135.0 0 0
-134.9 0 0
-134.8 0 0
-134.7 0 0
-134.6 0 0
-134.5 0 0
-134.4 0 0
-134.3 0 0
-134.2 0 0
-134.1 0 0
-134.0 0 0
-133.9 0 0
-133.8 0 0
-133.7 0 0
-133.6 0 0
-133.5 0 0
-133.4 0 0
-133.3 0 0
-133.2 0 0
-133.1 0 0
-133.0 0 0
-132.9 0 0
-132.8 0 0
-132.7 0 0
-132.6 0 0
-132.5 0 0
-132.4 0 0
-132.3 0 0
-132.2 0 0
-132.1 0 0
-132.0 0 0
-131.9 0 0
-131.8 0 0
-131.7 0 0
-131.6 0 0
-131.5 0 0
-131.4 0 0
-131.3 0 0
-131.2 0 0
-131.1 0 0
-131.0 0 0
-130.9 0 0
-130.8 0 0
-130.7 0 0
-130.6 0 0
-130.5 0 0
-130.4 0 0
-130.3 0 0
-130.2 0 0
-130.1 0 0
-130.0 0 0
-129.9 0 0
-129.8 0 0
-129.7 0 0
-129.6 0 0
-129.5 0 0
-129.4 0 0
-129.3 0 0
-129.2 0 0
-129.1 0 0
-129.0 0 0
-128.9 0 0
-128.8 0 0
-128.7 0 0
-128.6 0 0
-128.5 0 0
-128.4 0 0
-128.3 0 0
-128.2 0 0
-128.1 0 0
-128.0 0 0
-127.9 0 0
-127.8 0 0
-127.7 0 0
-127.6 0 0
-127.5 0 0
-127.4 0 0
-127.3 0 0
-127.2 0 0
-127.1 0 0
-127.0 0 0
-126.9 0 0
-126.8 0 0
-126.7 0 0
-126.6 0 0
-126.5 0 0
-126.4 0 0
-126.3 0 0
-126.2 0 0
-126.1 0 0
-126.0 0 0
-125.9 0 0
-125.8 0 0
-125.7 0 0
-125.6 0 0
-125.5 0 0
-125.4 0 0
-125.3 0 0
-125.2 0 0
-125.1 0 0
-125.0 0 0
-124.9 0 0
-124.8 0 0
-124.7 0 0
-124.6 0 0
-124.5 0 0
-124.4 0 0
-124.3 0 0
-124.2 0 0
-124.1 0 0
-124.0 0 0
-123.9 0 0
-123.8 0 0
-123.7 0 0
-123.6 0 0
-123.5 0 0
-123.4 0 0
-123.3 0 0
-123.2 0 0
-123.1 0 0
-123.0 0 0
-122.9 0 0
-122.8 0 0
-122.7 0 0
-122.6 0 0
-122.5 0 0
-122.4 0 0
-122.3 0 0
-122.2 0 0
-122.1 0 0
-122.0 0 0
-121.9 0 0
-121.8 0 0
-121.7 0 0
-121.6 0 0
-121.5 0 0
-121.4 0 0
-121.3 0 0
-121.2 0 0
-121.1 0 0
-121.0 0 0
-120.9 0 0
-120.8 0 0
-120.7 0 0
-120.6 0 0
-120.5 0 0
-120.4 0 0
-120.3 0 0
-120.2 0 0
-120.1 0 0
-120.0 0 0
-119.9 0 0
-119.8 0 0
-119.7 0 0
-119.6 0 0
-119.5 0 0
-119.4 0 0
-119.3 0 0
-119.2 0 0
-119.1 0 0
-119.0 0 0
-118.9 0 0
-118.8 0 0
-118.7 0 0
-118.6 0 0
-118.5 0 0
-118.4 0 0
-118.3 0 0
-118.2 0 0
-118.1 0 0
-118.0 0 0
-117.9 0 0
-117.8 0 0
-117.7 0 0
-117.6 0 0
-117.5 0 0
-117.4 0 0
-117.3 0 0
-117.2 0 0
-117.1 0 0
-117.0 0 0
-116.9 0 0
-116.8 0 0
-116.7 0 0
-116.6 0 0
-116.5 0 0
-116.4 0 0
-116.3 0 0
-116.2 0 0
-116.1 0 0
-116.0 0 0
-115.9 0 0
-115.8 0 0
-115.7 0 0
-115.6 0 0
-115.5 0 0
-115.4 0 0
-115.3 0 0
-115.2 0 0
-115.1 0 0
-115.0 0 0
-114.9 0 0
-114.8 0 0
-114.7 0 0
-114.6 0 0
-114.5 0 0
-114.4 0 0
-114.3 0 0
-114.2 0 0
-114.1 0 0
-114.0 0 0
-113.9 0 0
-113.8 0 0
-113.7 0 0
-113.6 0 0
-113.5 0 0
-113.4 0 0
-113.3 0 0
-113.2 0 0
-113.1 0 0
-113.0 0 0
-112.9 0 0
-112.8 0 0
-112.7 0 0
-112.6 0 0
-112.5 0 0
-112.4 0 0
-112.3 0 0
-112.2 0 0
-112.1 0 0
-112.0 0 0
-111.9 0 0
-111.8 0 0
-111.7 0 0
-111.6 0 0
-111.5 0 0
-111.4 0 0
-111.3 0 0
-111.2 0 0
-111.1 0 0
-111.0 0 0
-110.9 0 0
-110.8 0 0
-110.7 0 0
-110.6 0 0
-110.5 0 0
-110.4 0 0
-110.3 0 0
-110.2 0 0
-110.1 0 0
-110.0 0 0
-109.9 0 0
-109.8 0 0
-109.7 0 0
-109.6 0 0
-109.5 0 0
-109.4 0 0
-109.3 0 0
-109.2 0 0
-109.1 0 0
-109.0 0 0
-108.9 0 0
-108.8 0 0
-108.7 0 0
-108.6 0 0
-108.5 0 0
-108.4 0 0
-108.3 0 0
-108.2 0 0
-108.1 0 0
-108.0 0 0
-107.9 0 0
-107.8 0 0
-107.7 0 0
-107.6 0 0
-107.5 0 0
-107.4 0 0
-107.3 0 0
-107.2 0 0
-107.1 0 0
-107.0 0 0
-106.9 0 0
-106.8 0 0
-106.7 0 0
-106.6 0 0
-106.5 0 0
-106.4 0 0
-106.3 0 0
-106.2 0 0
-106.1 0 0
-106.0 0 0
-105.9 0 0
-105.8 0 0
-105.7 0 0
-105.6 0 0
-105.5 0 0
-105.4 0 0
-105.3 0 0
-105.2 0 0
-105.1 0 0
-105.0 0 0
-104.9 0 0
-104.8 0 0
-104.7 0 0
-104.6 0 0
-104.5 0 0
-104.4 0 0
-104.3 0 0
-104.2 0 0
-104.1 0 0
-104.0 0 0
-103.9 0 0
-103.8 0 0
-103.7 0 0
-103.6 0 0
-103.5 0 0
-103.4 0 0
-103.3 0 0
-103.2 0 0
-103.1 0 0
-103.0 0 0
-102.9 0 0
-102.8 0 0
-102.7 0 0
-102.6 0 0
-102.5 0 0
-102.4 0 0
-102.3 0 0
-102.2 0 0
-102.1 0 0
-102.0 0 0
-101.9 0 0
-101.8 0 0
-101.7 0 0
-101.6 0 0
-101.5 0 0
-101.4 0 0
-101.3 0 0
-101.2 0 0
-101.1 0 0
-101.0 0 0
-100.9 0 0
-100.8 0 0
-100.7 0 0
-100.6 0 0
-100.5 0 0
-100.4 0 0
-100.3 0 0
-100.2 0 0
-100.1 0 0
-100.0 0 0
-99.9 0 0
-99.8 0 0
-99.7 0 0
-99.6 0 0
-99.5 0 0
-99.4 0 0
-99.3 0 0
-99.2 0 0
-99.1 0 0
-99.0 0 0
-98.9 0 0
-98.8 0 0
-98.7 0 0
-98.6 0 0
-98.5 0 0
-98.4 0 0
-98.3 0 0
-98.2 0 0
-98.1 0 0
-98.0 0 0
-97.9 0 0
-97.8 0 0
-97.7 0 0
-97.6 0 0
-97.5 0 0
-97.4 0 0
-97.3 0 0
-97.2 0 0
-97.1 0 0
-97.0 0 0
-96.9 0 0
-96.8 0 0
-96.7 0 0
-96.6 0 0
-96.5 0 0
-96.4 0 0
-96.3 0 0
-96.2 0 0
-96.1 0 0
-96.0 0 0
-95.9 0 0
-95.8 0 0
-95.7 0 0
-95.6 0 0
-95.5 0 0
-95.4 0 0
-95.3 0 0
-95.2 0 0
-95.1 0 0
-95.0 0 0
-94.9 0 0
-94.8 0 0
-94.7 0 0
-94.6 0 0
-94.5 0 0
-94.4 0 0
-94.3 0 0
-94.2 0 0
-94.1 0 0
-94.0 0 0
-93.9 0 0
-93.8 0 0
-93.7 0 0
-93.6 0 0
-93.5 0 0
-93.4 0 0
-93.3 0 0
-93.2 0 0
-93.1 0 0
-93.0 0 0
-92.9 0 0
-92.8 0 0
-92.7 0 0
-92.6 0 0
-92.5 0 0
-92.4 0 0
-92.3 0 0
-92.2 0 0
-92.1 0 0
-92.0 0 0
-91.9 0 0
-91.8 0 0
-91.7 0 0
-91.6 0 0
-91.5 0 0
-91.4 0 0
-91.3 0 0
-91.2 0 0
-91.1 0 0
-91.0 0 0
-90.9 0 0
-90.8 0 0
-90.7 0 0
-90.6 0 0
-90.5 0 0
-90.4 0 0
-90.3 0 0
-90.2 0 0
-90.1 0 0
-90.0 0 0
-89.9 0 0
-89.8 0 0
-89.7 0 0
-89.6 0 0
-89.5 0 0
-89.4 0 0
-89.3 0 0
-89.2 0 0
-89.1 0 0
-89.0 0 0
-88.9 0 0
-88.8 0 0
-88.7 0 0
-88.6 0 0
-88.5 0 0
-88.4 0 0
-88.3 0 0
-88.2 0 0
-88.1 0 0
-88.0 0 0
-87.9 0 0
-87.8 0 0
-87.7 0 0
-87.6 0 0
-87.5 0 0
-87.4 0 0
-87.3 0 0
-87.2 0 0
-87.1 0 0
-87.0 0 0
-86.9 0 0
-86.8 0 0
-86.7 0 0
-86.6 0 0
-86.5 0 0
-86.4 0 0
-86.3 0 0
-86.2 0 0
-86.1 0 0
-86.0 0 0
-85.9 0 0
-85.8 0 0
-85.7 0 0
-85.6 0 0
-85.5 0 0
-85.4 0 0
-85.3 0 0
-85.2 0 0
-85.1 0 0
-85.0 0 0
-84.9 0 0
-84.8 0 0
-84.7 0 0
-84.6 0 0
-84.5 0 0
-84.4 0 0
-84.3 0 0
-84.2 0 0
-84.1 0 0
-84.0 0 0
-83.9 0 0
-83.8 0 0
-83.7 0 0
-83.6 0 0
-83.5 0 0
-83.4 0 0
-83.3 0 0
-83.2 0 0
-83.1 0 0
-83.0 0 0
-82.9 0 0
-82.8 0 0
-82.7 0 0
-82.6 0 0
-82.5 0 0
-82.4 0 0
-82.3 0 0
-82.2 0 0
-82.1 0 0
-82.0 0 0
-81.9 0 0
-81.8 0 0
-81.7 0 0
-81.6 0 0
-81.5 0 0
-81.4 0 0
-81.3 0 0
-81.2 0 0
-81.1 0 0
-81.0 0 0
-80.9 0 1
-80.8 0 2
-80.7 0 2
-80.6 0 1
-80.5 0 2
-80.4 0 1
-80.3 0 2
-80.2 0 1
-80.1 0 1
-80.0 0 2
-79.9 0 1
-79.8 0 1
-79.7 0 1
-79.6 0 1
-79.5 0 1
-79.4 0 0
-79.3 0 0
-79.2 0 1
-79.1 0 2
-79.0 0 4
-78.9 0 1
-78.8 0 2
-78.7 0 2
-78.6 0 5
-78.5 0 3
-78.4 0 1
-78.3 0 1
-78.2 0 2
-78.1 0 3
-78.0 0 1
-77.9 0 0
-77.8 0 3
-77.7 0 5
-77.6 0 1
-77.5 0 3
-77.4 0 5
-77.3 0 5
-77.2 0 5
-77.1 0 9
-77.0 0 3
-76.9 0 7
-76.8 0 11
-76.7 0 11
-76.6 0 12
-76.5 0 6
-76.4 0 12
-76.3 0 14
-76.2 0 7
-76.1 0 13
-76.0 0 13
-75.9 0 9
-75.8 0 13
-75.7 0 20
-75.6 0 19
-75.5 0 13
-75.4 0 9
-75.3 0 19
-75.2 0 9
-75.1 0 18
-75.0 0 22
-74.9 0 18
-74.8 0 16
-74.7 0 15
-74.6 0 22
-74.5 0 24
-74.4 0 24
-74.3 0 16
-74.2 0 24
-74.1 0 25
-74.0 0 32
-73.9 0 41
-73.8 0 38
-73.7 0 41
-73.6 0 38
-73.5 0 42
-73.4 0 48
-73.3 0 34
-73.2 0 47
-73.1 0 44
-73.0 0 40
-72.9 0 54
-72.8 0 47
-72.7 0 47
-72.6 0 47
-72.5 0 60
-72.4 0 47
-72.3 0 50
-72.2 0 58
-72.1 0 58
-72.0 0 57
-71.9 0 67
-71.8 0 65
-71.7 0 60
-71.6 0 59
-71.5 0 71
-71.4 0 69
-71.3 0 78
-71.2 0 63
-71.1 0 85
-71.0 0 96
-70.9 0 96
-70.8 0 87
-70.7 0 104
-70.6 0 105
-70.5 0 96
-70.4 0 106
-70.3 0 125
-70.2 0 129
-70.1 0 122
-70.0 0 113
-69.9 0 160
-69.8 0 147
-69.7 0 154
-69.6 0 153
-69.5 0 146
-69.4 0 152
-69.3 0 153
-69.2 0 160
-69.1 0 162
-69.0 0 178
-68.9 0 188
-68.8 0 230
-68.7 0 182
-68.6 0 194
-68.5 0 205
-68.4 0 209
-68.3 0 211
-68.2 0 203
-68.1 0 181
-68.0 0 212
-67.9 0 208
-67.8 0 223
-67.7 0 220
-67.6 0 247
-67.5 0 241
-67.4 0 238
-67.3 0 264
-67.2 0 280
-67.1 0 272
-67.0 0 280
-66.9 0 258
-66.8 0 283
-66.7 0 294
-66.6 0 263
-66.5 0 318
-66.4 0 343
-66.3 0 318
-66.2 0 334
-66.1 0 316
-66.0 0 344
-65.9 0 341
-65.8 0 341
-65.7 0 344
-65.6 0 373
-65.5 0 378
-65.4 0 351
-65.3 0 374
-65.2 0 388
-65.1 0 400
-65.0 0 410
-64.9 0 417
-64.8 0 441
-64.7 0 451
-64.6 0 402
-64.5 0 454
-64.4 0 471
-64.3 0 462
-64.2 0 474
-64.1 0 479
-64.0 0 504
-63.9 0 494
-63.8 0 492
-63.7 0 514
-63.6 0 548
-63.5 0 540
-63.4 0 566
-63.3 0 552
-63.2 0 584
-63.1 0 602
-63.0 0 584
-62.9 0 639
-62.8 0 602
-62.7 0 613
-62.6 0 648
-62.5 0 605
-62.4 0 698
-62.3 0 693
-62.2 0 637
-62.1 0 733
-62.0 0 747
-61.9 0 734
-61.8 0 709
-61.7 0 762
-61.6 0 763
-61.5 0 768
-61.4 0 776
-61.3 0 816
-61.2 0 812
-61.1 0 810
-61.0 0 840
-60.9 0 877
-60.8 0 886
-60.7 0 889
-60.6 0 944
-60.5 0 955
-60.4 0 947
-60.3 0 1061
-60.2 0 968
-60.1 0 1015
-60.0 0 969
-59.9 0 991
-59.8 0 1053
-59.7 0 1096
-59.6 0 1051
-59.5 0 1023
-59.4 0 1092
-59.3 0 1076
-59.2 0 1171
-59.1 0 1181
-59.0 0 1199
-58.9 0 1055
-58.8 1 1151
-58.7 0 1223
-58.6 2 1166
-58.5 0 1188
-58.4 0 1193
-58.3 1 1256
-58.2 0 1285
-58.1 0 1313
-58.0 0 1310
-57.9 0 1291
-57.8 0 1303
-57.7 0 1373
-57.6 0 1350
-57.5 0 1377
-57.4 0 1375
-57.3 0 1375
-57.2 1 1399
-57.1 0 1362
-57.0 0 1466
-56.9 0 1461
-56.8 0 1569
-56.7 0 1547
-56.6 0 1505
-56.5 0 1581
-56.4 1 1540
-56.3 0 1525
-56.2 0 1594
-56.1 0 1623
-56.0 0 1584
-55.9 0 1598
-55.8 0 1671
-55.7 0 1642
-55.6 0 1722
-55.5 0 1785
-55.4 0 1729
-55.3 0 1698
-55.2 0 1834
-55.1 0 1800
-55.0 0 1779
-54.9 0 1805
-54.8 0 1886
-54.7 1 1834
-54.6 1 1928
-54.5 0 1881
-54.4 1 1948
-54.3 0 1918
-54.2 0 1962
-54.1 0 1997
-54.0 0 2032
-53.9 0 2100
-53.8 0 2071
-53.7 0 2035
-53.6 0 2022
-53.5 0 2107
-53.4 0 2140
-53.3 0 2231
-53.2 0 2208
-53.1 2 2201
-53.0 0 2304
-52.9 1 2225
-52.8 0 2308
-52.7 0 2286
-52.6 0 2349
-52.5 0 2338
-52.4 0 2417
-52.3 2 2449
-52.2 0 2491
-52.1 0 2562
-52.0 1 2467
-51.9 0 2492
-51.8 1 2500
-51.7 2 2527
-51.6 0 2585
-51.5 1 2638
-51.4 1 2554
-51.3 0 2575
-51.2 1 2635
-51.1 0 2603
-51.0 2 2718
-50.9 0 2676
-50.8 1 2809
-50.7 1 2700
-50.6 0 2831
-50.5 2 2808
-50.4 2 2803
-50.3 1 2958
-50.2 0 2918
-50.1 1 2960
-50.0 0 2901
-49.9 0 2920
-49.8 2 2940
-49.7 2 3097
-49.6 2 3103
-49.5 0 3016
-49.4 3 3022
-49.3 3 3133
-49.2 3 3034
-49.1 1 3176
-49.0 3 3171
-48.9 1 3200
-48.8 2 3295
-48.7 1 3271
-48.6 3 3347
-48.5 3 3411
-48.4 4 3408
-48.3 2 3300
-48.2 2 3426
-48.1 0 3411
-48.0 2 3572
-47.9 3 3543
-47.8 5 3463
-47.7 4 3549
-47.6 2 3600
-47.5 5 3690
-47.4 3 3627
-47.3 1 3624
-47.2 2 3807
-47.1 4 3773
-47.0 4 3725
-46.9 3 3759
-46.8 4 3800
-46.7 6 3768
-46.6 8 3910
-46.5 5 4045
-46.4 11 3921
-46.3 7 3955
-46.2 5 4064
-46.1 10 4009
-46.0 8 4102
-45.9 6 4012
-45.8 10 4070
-45.7 7 4196
-45.6 7 4245
-45.5 10 4253
-45.4 5 4216
-45.3 11 4226
-45.2 5 4358
-45.1 5 4284
-45.0 9 4337
-44.9 9 4359
-44.8 3 4451
-44.7 11 4478
-44.6 11 4452
-44.5 10 4431
-44.4 5 4347
-44.3 10 4356
-44.2 8 4459
-44.1 15 4454
-44.0 14 4747
-43.9 11 4587
-43.8 13 4629
-43.7 12 4716
-43.6 13 4852
-43.5 14 4735
-43.4 14 4859
-43.3 14 4964
-43.2 12 4832
-43.1 15 4910
-43.0 16 4883
-42.9 16 5080
-42.8 21 4959
-42.7 25 4988
-42.6 14 5156
-42.5 17 5104
-42.4 15 5166
-42.3 18 5149
-42.2 22 5201
-42.1 19 5318
-42.0 21 5208
-41.9 22 5197
-41.8 25 5246
-41.7 28 5342
-41.6 22 5315
-41.5 30 5475
-41.4 40 5392
-41.3 28 5530
-41.2 26 5421
-41.1 27 5513
-41.0 37 5727
-40.9 17 5613
-40.8 43 5540
-40.7 37 5568
-40.6 31 5592
-40.5 34 5723
-40.4 29 5708
-40.3 37 5925
-40.2 41 5647
-40.1 48 5796
-40.0 37 5768
-39.9 49 5841
-39.8 49 5851
-39.7 54 5915
-39.6 48 6073
-39.5 48 5997
-39.4 51 6010
-39.3 56 6040
-39.2 55 5969
-39.1 50 6087
-39.0 50 6270
-38.9 60 6108
-38.8 53 6192
-38.7 68 6470
-38.6 70 6369
-38.5 78 6197
-38.4 65 6297
-38.3 77 6544
-38.2 67 6354
-38.1 70 6480
-38.0 77 6396
-37.9 84 6260
-37.8 82 6569
-37.7 74 6539
-37.6 86 6768
-37.5 113 6611
-37.4 79 6658
-37.3 88 6737
-37.2 90 6631
-37.1 102 6863
-37.0 94 6782
-36.9 92 6820
-36.8 118 6820
-36.7 126 6860
-36.6 99 6916
-36.5 137 6970
-36.4 113 7036
-36.3 115 7021
-36.2 100 7088
-36.1 117 7118
-36.0 122 7189
-35.9 126 7214
-35.8 115 7149
-35.7 157 7240
-35.6 159 7250
-35.5 137 7339
-35.4 148 7256
-35.3 143 7406
-35.2 148 7417
-35.1 166 7369
-35.0 151 7608
-34.9 171 7561
-34.8 166 7533
-34.7 157 7460
-34.6 175 7692
-34.5 186 7742
-34.4 202 7674
-34.3 200 7682
-34.2 210 7830
-34.1 211 7982
-34.0 206 7870
-33.9 207 7970
-33.8 193 7888
-33.7 214 8085
-33.6 227 7900
-33.5 189 8164
-33.4 232 8013
-33.3 253 8140
-33.2 225 8137
-33.1 245 8072
-33.0 245 8261
-32.9 242 8422
-32.8 267 8492
-32.7 287 8165
-32.6 251 8329
-32.5 311 8406
-32.4 271 8333
-32.3 316 8440
-32.2 307 8647
-32.1 295 8370
-32.0 315 8535
-31.9 317 8436
-31.8 335 8521
-31.7 335 8580
-31.6 344 8850
-31.5 325 8576
-31.4 362 8741
-31.3 385 8692
-31.2 389 8796
-31.1 419 8681
-31.0 437 8641
-30.9 409 8707
-30.8 429 8842
-30.7 392 8902
-30.6 428 8937
-30.5 470 8932
-30.4 457 9205
-30.3 476 9107
-30.2 494 8881
-30.1 487 9035
-30.0 513 9088
-29.9 516 9428
-29.8 518 9322
-29.7 539 9271
-29.6 510 9309
-29.5 543 9544
-29.4 578 9491
-29.3 552 9527
-29.2 586 9403
-29.1 611 9574
-29.0 643 9406
-28.9 633 9399
-28.8 633 9625
-28.7 636 9604
-28.6 689 9669
-28.5 674 9614
-28.4 719 9650
-28.3 727 9770
-28.2 772 9729
-28.1 744 9700
-28.0 782 9838
-27.9 824 9732
-27.8 865 10319
-27.7 807 10025
-27.6 849 9974
-27.5 879 9977
-27.4 896 9996
-27.3 907 10007
-27.2 878 10167
-27.1 902 10281
-27.0 873 10257
-26.9 951 10104
-26.8 972 10268
-26.7 1009 10206
-26.6 1104 10183
-26.5 1046 10329
-26.4 1077 10473
-26.3 1093 10395
-26.2 1044 10411
-26.1 1092 10198
-26.0 1115 10434
-25.9 1087 10570
-25.8 1164 10572
-25.7 1260 10706
-25.6 1298 10601
-25.5 1331 10631
-25.4 1300 10858
-25.3 1356 10622
-25.2 1403 10574
-25.1 1368 10591
-25.0 1518 11002
-24.9 1426 10654
-24.8 1429 10879
-24.7 1502 11141
-24.6 1510 10971
-24.5 1566 10913
-24.4 1558 11275
-24.3 1600 10965
-24.2 1664 11026
-24.1 1682 10914
-24.0 1708 11281
-23.9 1712 10943
-23.8 1825 11120
-23.7 1824 11113
-23.6 1913 11000
-23.5 1892 11731
-23.4 2023 11198
-23.3 1981 11365
-23.2 2061 11290
-23.1 1988 11330
-23.0 2039 11345
-22.9 2108 11471
-22.8 2236 11436
-22.7 2249 11527
-22.6 2228 11531
-22.5 2362 11603
-22.4 2394 11751
-22.3 2373 11572
-22.2 2494 11619
-22.1 2420 11741
-22.0 2511 12172
-21.9 2606 11806
-21.8 2705 12027
-21.7 2733 11921
-21.6 2780 11832
-21.5 2794 11843
-21.4 2918 12071
-21.3 2898 11955
-21.2 3060 12487
-21.1 3082 12034
-21.0 3086 11922
-20.9 3168 12220
-20.8 3271 11989
-20.7 3200 12318
-20.6 3319 12165
-20.5 3428 12269
-20.4 3394 12499
-20.3 3608 12294
-20.2 3549 12369
-20.1 3608 12344
-20.0 3929 12475
-19.9 3715 12520
-19.8 3898 12323
-19.7 3937 12913
-19.6 3895 12710
-19.5 3993 12708
-19.4 4045 12657
-19.3 4175 12776
-19.2 4364 12535
-19.1 4432 12761
-19.0 4555 12795
-18.9 4597 12909
-18.8 4523 13400
-18.7 4688 13403
-18.6 4879 12953
-18.5 4764 13040
-18.4 5024 13194
-18.3 5176 13039
-18.2 5148 13345
-18.1 5350 13198
-18.0 5372 13252
-17.9 5387 13291
-17.8 5500 13340
-17.7 5764 13601
-17.6 5720 13602
-17.5 5962 13826
-17.4 6040 13552
-17.3 6064 13574
-17.2 6154 13724
-17.1 6296 13719
-17.0 6392 14103
-16.9 6498 13932
-16.8 6731 13955
-16.7 6632 14183
-16.6 6933 14065
-16.5 6866 13861
-16.4 7300 14121
-16.3 7276 14011
-16.2 7419 14371
-16.1 7632 14808
-16.0 7742 14587
-15.9 7665 14350
-15.8 8121 14438
-15.7 8109 14572
-15.6 8254 14847
-15.5 8202 14642
-15.4 8492 14781
-15.3 8695 14601
-15.2 8766 15213
-15.1 8931 14982
-15.0 9326 14967
-14.9 9152 14986
-14.8 9278 15186
-14.7 9663 15321
-14.6 9850 15242
-14.5 9890 15385
-14.4 10112 15428
-14.3 10015 15386
-14.2 10809 15435
-14.1 10382 15493
-14.0 10841 15676
-13.9 10753 15413
-13.8 11089 15577
-13.7 11477 15518
-13.6 11513 15676
-13.5 11749 15725
-13.4 11927 15679
-13.3 12145 17567
-13.2 12614 16045
-13.1 12446 16197
-13.0 13044 16071
-12.9 12869 15822
-12.8 13284 15927
-12.7 13154 15859
-12.6 13710 15995
-12.5 13577 16087
-12.4 14212 15838
-12.3 14380 16036
-12.2 14626 16088
-12.1 14729 16251
-12.0 15157 16282
-11.9 15301 15836
-11.8 15737 16927
-11.7 15945 15978
-11.6 16457 15939
-11.5 16333 16126
-11.4 16743 16020
-11.3 16862 16992
-11.2 17699 16176
-11.1 17574 15960
-11.0 17857 15988
-10.9 17989 16529
-10.8 18385 16029
-10.7 18736 16227
-10.6 19201 16308
-10.5 19795 16292
-10.4 19893 16346
-10.3 19921 16960
-10.2 20471 16249
-10.1 20910 16200
-10.0 20429 16356
-9.9 21415 16267
-9.8 21974 16154
-9.7 22050 16620
-9.6 22339 16264
-9.5 22924 16242
-9.4 23767 16453
-9.3 23781 17530
-9.2 24143 16575
-9.1 24079 16794
-9.0 25210 16718
-8.9 25750 16825
-8.8 25850 16684
-8.7 25749 17301
-8.6 26563 16676
-8.5 26642 16781
-8.4 27519 17501
-8.3 27133 16897
-8.2 28019 16841
-8.1 28900 17140
-8.0 28942 17003
-7.9 29900 16852
-7.8 29705 17105
-7.7 30711 16971
-7.6 31601 17191
-7.5 32064 17255
-7.4 32009 17295
-7.3 32472 17489
-7.2 36359 17293
-7.1 34059 21081
-7.0 35002 17924
-6.9 35057 17777
-6.8 35122 17470
-6.7 36669 17629
-6.6 36914 17661
-6.5 37828 17910
-6.4 38383 17955
-6.3 39414 17930
-6.2 38842 18187
-6.1 40169 18161
-6.0 39826 18133
-5.9 40801 18456
-5.8 41770 18018
-5.7 42301 19616
-5.6 42572 18253
-5.5 44020 18615
-5.4 44704 19935
-5.3 44983 19219
-5.2 45174 19088
-5.1 46192 19226
-5.0 47670 18955
-4.9 54993 18900
-4.8 48064 22769
-4.7 51242 20400
-4.6 49430 20093
-4.5 51096 19179
-4.4 53070 20315
-4.3 53243 22069
-4.2 52193 19828
-4.1 53532 19743
-4.0 54156 20531
-3.9 56105 20579
-3.8 56211 20093
-3.7 59713 19785
-3.6 94572 23977
-3.5 63799 22094
-3.4 61652 21678
-3.3 61451 22194
-3.2 60338 21168
-3.1 63534 21459
-3.0 61335 21127
-2.9 72077 25670
-2.8 66463 22749
-2.7 62274 24304
-2.6 65454 24136
-2.5 70285 22401
-2.4 135565 34358
-2.3 70905 24031
-2.2 68191 26588
-2.1 68969 25590
-2.0 69445 26460
-1.9 71074 24068
-1.8 93321 29099
-1.7 71214 24616
-1.6 73937 26747
-1.5 76273 27507
-1.4 109687 37320
-1.3 75751 29356
-1.2 103822 26533
-1.1 76688 28392
-1.0 84223 30346
-0.9 80867 29059
-0.8 114914 31209
-0.7 74489 25071
-0.6 74751 22248
-0.5 76752 23780
-0.4 83449 32823
-0.3 72660 26800
-0.2 71226 26974
-0.1 70814 30069
0.0 237107 292008
0.1 82352 41913
0.2 68442 51438
0.3 69071 29921
0.4 72051 34981
0.5 78991 42078
0.6 70949 30362
0.7 71175 25328
0.8 72867 26525
0.9 73942 28617
1.0 76133 32461
1.1 72253 37886
1.2 71590 34271
1.3 75150 31897
1.4 74718 33077
1.5 72314 32438
1.6 73972 34541
1.7 69320 27627
1.8 66685 29491
1.9 65848 27668
2.0 67244 27425
2.1 64269 29546
2.2 62448 25793
2.3 63683 25657
2.4 63228 27805
2.5 61843 28033
2.6 63941 31616
2.7 63260 26260
2.8 59964 23079
2.9 58752 23342
3.0 57978 24342
3.1 58664 25111
3.2 56225 26120
3.3 55574 24015
3.4 56215 22340
3.5 55517 22895
3.6 54092 21698
3.7 52627 22498
3.8 51521 22314
3.9 51755 21574
4.0 51867 21607
4.1 51739 20798
4.2 49816 20697
4.3 49344 20148
4.4 48103 19813
4.5 46975 20858
4.6 47262 19911
4.7 47125 20473
4.8 45459 19691
4.9 44843 19377
5.0 45509 18947
5.1 44371 19470
5.2 43995 19315
5.3 42667 18591
5.4 42362 18001
5.5 41469 17912
5.6 41483 18027
5.7 40636 17448
5.8 40581 17503
5.9 39330 17329
6.0 39016 17778
6.1 38773 16901
6.2 38038 16928
6.3 36906 16562
6.4 36547 16797
6.5 36332 16862
6.6 35784 16492
6.7 35526 16373
6.8 35486 16234
6.9 34923 16016
7.0 34223 16000
7.1 33833 15962
7.2 33391 15650
7.3 32581 15578
7.4 31975 15374
7.5 32116 14922
7.6 31525 15131
7.7 30307 14768
7.8 31054 15223
7.9 30142 14849
8.0 29705 15111
8.1 29268 14947
8.2 28510 14765
8.3 28857 14430
8.4 28421 14527
8.5 28164 13962
8.6 27212 14032
8.7 26851 14018
8.8 26501 14360
8.9 26107 13741
9.0 26061 13891
9.1 24975 13866
9.2 25231 13358
9.3 24624 13494
9.4 24520 13467
9.5 23910 13218
9.6 23701 13547
9.7 23527 13351
9.8 22923 13384
9.9 23195 12916
10.0 22242 13108
10.1 22113 13265
10.2 21820 12921
10.3 21510 12775
10.4 21444 12956
10.5 20641 12909
10.6 20616 12738
10.7 20341 12838
10.8 19962 12486
10.9 19826 12361
11.0 19701 12556
11.1 18987 12225
11.2 19038 12438
11.3 18407 12186
11.4 18458 12257
11.5 18139 12103
11.6 17769 12080
11.7 17602 12161
11.8 17311 11958
11.9 16991 11824
12.0 16907 12028
12.1 16657 11741
12.2 16310 11741
12.3 16066 11757
12.4 16153 11662
12.5 15410 11686
12.6 15827 11703
12.7 15107 11606
12.8 15300 11505
12.9 15040 11526
13.0 14624 11574
13.1 14525 11342
13.2 14317 11331
13.3 14028 11308
13.4 13897 11121
13.5 13548 11332
13.6 13677 10983
13.7 13494 10976
13.8 13121 11115
13.9 12920 11125
14.0 12842 11011
14.1 12788 10836
14.2 12534 10922
14.3 12118 10604
14.4 12473 11009
14.5 11891 10779
14.6 11755 10965
14.7 11585 10732
14.8 11379 10759
14.9 11406 10568
15.0 11046 10705
15.1 11004 10567
15.2 10974 10640
15.3 10761 10600
15.4 10488 10238
15.5 10727 10583
15.6 10442 10449
15.7 10114 10285
15.8 9982 10366
15.9 10057 10102
16.0 9739 10027
16.1 9458 10212
16.2 9321 10148
16.3 9267 10323
16.4 9176 10177
16.5 8991 10015
16.6 8731 9890
16.7 8750 9966
16.8 8841 9876
16.9 8659 10060
17.0 8375 9808
17.1 8291 9784
17.2 8189 9732
17.3 7874 9671
17.4 7961 9614
17.5 7880 9721
17.6 7755 9276
17.7 7600 9407
17.8 7529 9395
17.9 7404 9394
18.0 7447 9453
18.1 7211 9421
18.2 7313 9273
18.3 7005 9240
18.4 7021 9311
18.5 6692 9254
18.6 6789 9512
18.7 6669 9161
18.8 6559 9312
18.9 6419 9274
19.0 6433 9240
19.1 6248 8992
19.2 6278 8990
19.3 6144 9031
19.4 6166 9178
19.5 5935 8844
19.6 5987 9021
19.7 5773 8864
19.8 5742 8792
19.9 5698 8990
20.0 5673 8987
20.1 5682 8799
20.2 5432 8804
20.3 5348 8753
20.4 5221 8564
20.5 5246 8709
20.6 5127 8660
20.7 5035 8779
20.8 5091 8873
20.9 4903 8654
21.0 4920 8509
21.1 4738 8580
21.2 4645 8496
21.3 4716 8510
21.4 4669 8533
21.5 4579 8356
21.6 4548 8468
21.7 4391 8471
21.8 4314 8424
21.9 4270 8230
22.0 4265 8352
22.1 4222 8286
22.2 4213 8315
22.3 4117 8346
22.4 4051 8259
22.5 3987 8146
22.6 3944 8038
22.7 3890 8130
22.8 3811 8181
22.9 3833 7972
23.0 3832 8097
23.1 3696 8179
23.2 3630 8018
23.3 3695 7970
23.4 3603 8058
23.5 3485 7811
23.6 3441 7983
23.7 3345 7884
23.8 3294 7881
23.9 3331 7830
24.0 3166 7786
24.1 3212 8019
24.2 3220 7760
24.3 3081 7704
24.4 3168 7805
24.5 3005 7640
24.6 3013 7606
24.7 2978 7669
24.8 3047 7481
24.9 2957 7479
25.0 2827 7808
25.1 2958 7575
25.2 2818 7552
25.3 2707 7581
25.4 2684 7452
25.5 2630 7393
25.6 2725 7537
25.7 2659 7531
25.8 2609 7461
25.9 2621 7352
26.0 2465 7446
26.1 2486 7443
26.2 2475 7317
26.3 2518 7193
26.4 2421 7414
26.5 2425 7324
26.6 2307 7121
26.7 2265 7211
26.8 2295 7207
26.9 2252 6946
27.0 2253 7096
27.1 2165 7090
27.2 2116 6978
27.3 2184 7040
27.4 2037 7002
27.5 2126 7057
27.6 2084 6957
27.7 2044 6986
27.8 1990 6914
27.9 1966 6840
28.0 1883 6932
28.1 1956 6872
28.2 1925 6837
28.3 1834 6706
28.4 1823 6916
28.5 1818 6764
28.6 1723 6876
28.7 1719 6871
28.8 1703 6794
28.9 1711 6839
29.0 1710 6660
29.1 1729 6630
29.2 1613 6708
29.3 1681 6560
29.4 1645 6612
29.5 1630 6815
29.6 1593 6733
29.7 1659 6675
29.8 1535 6616
29.9 1501 6597
30.0 1555 6509
30.1 1467 6581
30.2 1466 6588
30.3 1419 6452
30.4 1434 6521
30.5 1408 6433
30.6 1420 6459
30.7 1353 6377
30.8 1399 6316
30.9 1403 6376
31.0 1412 6385
31.1 1355 6242
31.2 1256 6330
31.3 1260 6331
31.4 1295 6271
31.5 1286 6227
31.6 1204 6327
31.7 1203 6245
31.8 1242 6087
31.9 1195 6245
32.0 1135 6132
32.1 1199 6111
32.2 1134 6195
32.3 1104 6234
32.4 1055 6176
32.5 1095 6135
32.6 1124 6251
32.7 1051 6019
32.8 1053 6221
32.9 1033 6065
33.0 1068 6063
33.1 1056 6063
33.2 1029 6029
33.3 1039 6062
33.4 976 5944
33.5 981 6032
33.6 976 5813
33.7 933 5946
33.8 1022 5756
33.9 922 5861
34.0 867 5857
34.1 884 5825
34.2 989 5888
34.3 868 5880
34.4 940 5680
34.5 923 5706
34.6 818 5712
34.7 828 5852
34.8 870 5814
34.9 785 5741
35.0 834 5734
35.1 834 5614
35.2 842 5699
35.3 765 5617
35.4 748 5687
35.5 724 5637
35.6 754 5589
35.7 788 5664
35.8 741 5532
35.9 748 5583
36.0 708 5535
36.1 690 5570
36.2 746 5455
36.3 719 5520
36.4 698 5419
36.5 661 5408
36.6 652 5513
36.7 653 5454
36.8 623 5486
36.9 651 5410
37.0 641 5289
37.1 579 5374
37.2 654 5373
37.3 604 5234
37.4 566 5410
37.5 570 5262
37.6 569 5430
37.7 553 5365
37.8 546 5208
37.9 558 5330
38.0 540 5144
38.1 553 5190
38.2 593 5292
38.3 509 5089
38.4 507 5185
38.5 484 5252
38.6 527 5024
38.7 493 5089
38.8 476 5155
38.9 468 5196
39.0 504 5014
39.1 512 5063
39.2 449 5086
39.3 436 4963
39.4 475 4963
39.5 447 5065
39.6 471 5005
39.7 465 4937
39.8 474 4962
39.9 421 4945
40.0 450 4971
40.1 428 4960
40.2 465 4879
40.3 400 4961
40.4 397 5014
40.5 396 4973
40.6 412 4814
40.7 399 4817
40.8 361 4771
40.9 371 4908
41.0 392 4845
41.1 404 5002
41.2 374 4781
41.3 382 4720
41.4 351 4883
41.5 339 4980
41.6 377 4725
41.7 316 4874
41.8 356 4770
41.9 325 4781
42.0 327 4650
42.1 332 4754
42.2 344 4641
42.3 341 4723
42.4 294 4738
42.5 316 4691
42.6 323 4636
42.7 333 4621
42.8 291 4696
42.9 291 4623
43.0 286 4593
43.1 301 4521
43.2 297 4602
43.3 269 4556
43.4 279 4671
43.5 249 4532
43.6 264 4623
43.7 288 4676
43.8 261 4605
43.9 287 4446
44.0 270 4405
44.1 237 4390
44.2 250 4402
44.3 260 4478
44.4 237 4384
44.5 223 4439
44.6 227 4385
44.7 238 4296
44.8 233 4432
44.9 233 4322
45.0 212 4329
45.1 238 4272
45.2 264 4244
45.3 197 4283
45.4 238 4261
45.5 185 4283
45.6 222 4198
45.7 221 4148
45.8 230 4123
45.9 216 4217
46.0 193 4294
46.1 209 4187
46.2 203 4129
46.3 202 4187
46.4 196 4156
46.5 178 4187
46.6 198 4122
46.7 183 4180
46.8 165 4095
46.9 184 4127
47.0 199 4081
47.1 168 3989
47.2 172 4146
47.3 175 4088
47.4 168 4159
47.5 170 3953
47.6 185 4143
47.7 139 4039
47.8 163 3980
47.9 171 4067
48.0 167 4059
48.1 163 3873
48.2 174 3823
48.3 159 4027
48.4 144 4040
48.5 153 4055
48.6 138 4033
48.7 156 3848
48.8 141 3867
48.9 138 3936
49.0 133 3820
49.1 136 3683
49.2 147 3829
49.3 129 3847
49.4 144 3865
49.5 122 3727
49.6 137 3807
49.7 152 3827
49.8 113 3756
49.9 129 3547
50.0 115 3848
50.1 133 3713
50.2 142 3779
50.3 110 3716
50.4 131 3654
50.5 114 3618
50.6 107 3663
50.7 121 3701
50.8 98 3606
50.9 116 3655
51.0 102 3649
51.1 118 3533
51.2 97 3650
51.3 119 3674
51.4 98 3642
51.5 109 3562
51.6 124 3580
51.7 106 3618
51.8 103 3462
51.9 98 3478
52.0 95 3480
52.1 75 3521
52.2 91 3503
52.3 84 3455
52.4 96 3482
52.5 90 3434
52.6 107 3502
52.7 88 3359
52.8 79 3551
52.9 100 3482
53.0 101 3317
53.1 82 3442
53.2 106 3416
53.3 94 3362
53.4 59 3391
53.5 101 3449
53.6 73 3390
53.7 97 3273
53.8 99 3345
53.9 73 3344
54.0 103 3414
54.1 82 3278
54.2 82 3291
54.3 70 3242
54.4 67 3340
54.5 78 3348
54.6 90 3314
54.7 62 3319
54.8 60 3327
54.9 77 3228
55.0 83 3282
55.1 71 3211
55.2 69 3274
55.3 70 3195
55.4 83 3093
55.5 59 3222
55.6 64 3279
55.7 70 3240
55.8 84 3162
55.9 74 3143
56.0 64 3146
56.1 53 3152
56.2 66 3052
56.3 77 3146
56.4 64 3016
56.5 80 3072
56.6 70 3111
56.7 58 3058
56.8 59 3070
56.9 49 3077
57.0 49 3083
57.1 49 3006
57.2 52 2990
57.3 58 3085
57.4 44 3141
57.5 54 3057
57.6 44 3104
57.7 51 3000
57.8 56 3032
57.9 64 3031
58.0 42 2997
58.1 47 2937
58.2 40 3080
58.3 40 2929
58.4 54 2959
58.5 50 2898
58.6 42 2977
58.7 42 2856
58.8 49 2945
58.9 46 2948
59.0 50 2837
59.1 33 2963
59.2 45 2837
59.3 46 2939
59.4 41 2828
59.5 47 2815
59.6 52 2847
59.7 42 2950
59.8 38 2871
59.9 39 2799
60.0 39 2790
60.1 42 2893
60.2 48 2693
60.3 37 2796
60.4 35 2838
60.5 33 2829
60.6 37 2704
60.7 38 2702
60.8 26 2803
60.9 34 2817
61.0 38 2730
61.1 25 2771
61.2 29 2651
61.3 32 2786
61.4 37 2847
61.5 30 2668
61.6 36 2646
61.7 36 2664
61.8 45 2713
61.9 25 2675
62.0 47 2770
62.1 28 2670
62.2 34 2671
62.3 35 2580
62.4 31 2687
62.5 35 2665
62.6 25 2648
62.7 32 2555
62.8 25 2623
62.9 37 2601
63.0 35 2614
63.1 21 2611
63.2 31 2582
63.3 28 2546
63.4 27 2661
63.5 33 2467
63.6 25 2495
63.7 36 2653
63.8 26 2577
63.9 9 2536
64.0 27 2503
64.1 44 2580
64.2 22 2598
64.3 31 2445
64.4 25 2460
64.5 19 2575
64.6 21 2469
64.7 19 2462
64.8 19 2462
64.9 22 2503
65.0 24 2491
65.1 26 2417
65.2 17 2445
65.3 21 2328
65.4 22 2385
65.5 35 2363
65.6 16 2489
65.7 18 2387
65.8 16 2377
65.9 12 2400
66.0 25 2442
66.1 14 2300
66.2 28 2422
66.3 22 2342
66.4 17 2420
66.5 24 2447
66.6 21 2395
66.7 23 2360
66.8 11 2398
66.9 25 2322
67.0 19 2369
67.1 16 2331
67.2 20 2336
67.3 25 2297
67.4 21 2358
67.5 14 2248
67.6 26 2257
67.7 23 2313
67.8 20 2341
67.9 22 2270
68.0 14 2255
68.1 19 2282
68.2 18 2346
68.3 8 2343
68.4 16 2208
68.5 15 2210
68.6 14 2196
68.7 19 2247
68.8 14 2260
68.9 9 2266
69.0 15 2222
69.1 7 2214
69.2 13 2142
69.3 22 2231
69.4 13 2173
69.5 8 2186
69.6 12 2167
69.7 15 2143
69.8 9 2135
69.9 20 2173
70.0 14 2218
70.1 12 2207
70.2 16 2111
70.3 9 2158
70.4 10 2117
70.5 5 2215
70.6 11 2112
70.7 10 2153
70.8 15 2120
70.9 11 2089
71.0 7 2084
71.1 7 2126
71.2 13 2127
71.3 14 2084
71.4 14 2066
71.5 11 2177
71.6 6 2107
71.7 14 2111
71.8 10 2017
71.9 12 2025
72.0 10 2134
72.1 12 2051
72.2 16 2128
72.3 8 2023
72.4 8 2048
72.5 11 2035
72.6 7 2067
72.7 11 2025
72.8 8 1965
72.9 10 2013
73.0 10 2047
73.1 12 2028
73.2 9 1950
73.3 6 2098
73.4 9 1949
73.5 4 2002
73.6 7 2004
73.7 6 1975
73.8 4 2000
73.9 15 1934
74.0 6 1853
74.1 14 1981
74.2 5 1977
74.3 3 1835
74.4 10 1914
74.5 5 1891
74.6 5 1972
74.7 7 1979
74.8 6 1867
74.9 9 1878
75.0 5 1923
75.1 6 1853
75.2 5 1913
75.3 5 1914
75.4 13 1923
75.5 3 1883
75.6 3 1913
75.7 3 1866
75.8 8 1879
75.9 14 1870
76.0 10 1859
76.1 3 1789
76.2 2 1762
76.3 8 1863
76.4 3 1780
76.5 8 1866
76.6 1 1828
76.7 5 1884
76.8 7 1848
76.9 10 1903
77.0 3 1770
77.1 11 1823
77.2 4 1842
77.3 8 1772
77.4 9 1857
77.5 4 1810
77.6 7 1824
77.7 6 1838
77.8 3 1780
77.9 3 1767
78.0 3 1782
78.1 2 1778
78.2 4 1756
78.3 4 1855
78.4 7 1734
78.5 1 1759
78.6 6 1689
78.7 6 1711
78.8 2 1732
78.9 2 1704
79.0 4 1685
79.1 2 1725
79.2 2 1770
79.3 5 1769
79.4 6 1647
79.5 2 1709
79.6 2 1670
79.7 2 1626
79.8 4 1718
79.9 4 1694
80.0 4 1688
80.1 3 1660
80.2 7 1709
80.3 3 1662
80.4 2 1724
80.5 2 1700
80.6 1 1618
80.7 1 1664
80.8 2 1613
80.9 3 1666
81.0 3 1682
81.1 4 1646
81.2 3 1651
81.3 2 1605
81.4 3 1632
81.5 1 1618
81.6 0 1662
81.7 4 1618
81.8 2 1570
81.9 4 1509
82.0 1 1601
82.1 1 1623
82.2 1 1647
82.3 0 1592
82.4 2 1634
82.5 3 1659
82.6 2 1552
82.7 2 1658
82.8 4 1586
82.9 1 1550
83.0 3 1574
83.1 1 1561
83.2 0 1623
83.3 2 1477
83.4 1 1550
83.5 0 1540
83.6 2 1536
83.7 1 1494
83.8 2 1448
83.9 0 1499
84.0 1 1532
84.1 4 1501
84.2 1 1548
84.3 4 1497
84.4 4 1496
84.5 0 1522
84.6 2 1502
84.7 2 1406
84.8 1 1414
84.9 2 1417
85.0 0 1450
85.1 2 1521
85.2 0 1499
85.3 0 1478
85.4 2 1511
85.5 1 1371
85.6 1 1452
85.7 2 1443
85.8 2 1438
85.9 0 1397
86.0 0 1506
86.1 1 1449
86.2 0 1403
86.3 1 1361
86.4 0 1474
86.5 3 1419
86.6 1 1385
86.7 1 1393
86.8 1 1398
86.9 1 1401
87.0 1 1406
87.1 1 1364
87.2 1 1408
87.3 0 1391
87.4 1 1358
87.5 2 1390
87.6 2 1471
87.7 0 1397
87.8 1 1398
87.9 0 1354
88.0 0 1293
88.1 0 1331
88.2 0 1309
88.3 1 1267
88.4 1 1391
88.5 2 1377
88.6 1 1351
88.7 0 1382
88.8 1 1415
88.9 1 1341
89.0 2 1339
89.1 1 1230
89.2 0 1278
89.3 0 1352
89.4 2 1295
89.5 1 1372
89.6 1 1288
89.7 0 1327
89.8 0 1262
89.9 1 1265
90.0 1 1379
90.1 0 1255
90.2 1 1324
90.3 1 1233
90.4 1 1298
90.5 0 1214
90.6 0 1305
90.7 0 1273
90.8 1 1273
90.9 1 1279
91.0 0 1252
91.1 0 1287
91.2 0 1269
91.3 0 1227
91.4 0 1227
91.5 1 1260
91.6 1 1234
91.7 0 1291
91.8 1 1220
91.9 0 1255
92.0 0 1270
92.1 1 1203
92.2 1 1252
92.3 1 1260
92.4 0 1247
92.5 0 1149
92.6 0 1246
92.7 1 1170
92.8 0 1221
92.9 0 1204
93.0 1 1283
93.1 0 1183
93.2 0 1234
93.3 0 1231
93.4 0 1189
93.5 2 1222
93.6 1 1251
93.7 1 1175
93.8 0 1207
93.9 0 1182
94.0 0 1133
94.1 0 1168
94.2 0 1143
94.3 1 1185
94.4 0 1224
94.5 0 1133
94.6 0 1175
94.7 0 1141
94.8 0 1159
94.9 0 1128
95.0 1 1183
95.1 0 1196
95.2 1 1199
95.3 1 1208
95.4 0 1185
95.5 0 1112
95.6 0 1145
95.7 0 1064
95.8 0 1141
95.9 0 1155
96.0 1 1210
96.1 0 1154
96.2 0 1163
96.3 0 1114
96.4 0 1125
96.5 0 1124
96.6 0 1178
96.7 2 1103
96.8 1 1130
96.9 0 1052
97.0 0 1165
97.1 0 1071
97.2 0 1092
97.3 1 1111
97.4 0 1104
97.5 0 1127
97.6 1 1064
97.7 1 1113
97.8 0 1085
97.9 0 1046
98.0 0 1086
98.1 0 1084
98.2 0 1081
98.3 0 1088
98.4 0 1127
98.5 0 1100
98.6 0 1091
98.7 0 1086
98.8 0 1088
98.9 0 1103
99.0 0 1084
99.1 0 1017
99.2 0 1053
99.3 0 989
99.4 1 1060
99.5 0 1055
99.6 0 1034
99.7 1 1076
99.8 0 1067
99.9 0 999
100.0 0 1049
100.1 0 1040
100.2 0 1008
100.3 0 982
100.4 0 1026
100.5 1 972
100.6 1 1054
100.7 0 1016
100.8 1 1037
100.9 0 993
101.0 0 1008
101.1 0 1004
101.2 0 998
101.3 1 958
101.4 1 986
101.5 0 990
101.6 0 1001
101.7 1 1023
101.8 0 969
101.9 0 993
102.0 0 934
102.1 0 987
102.2 0 936
102.3 0 966
102.4 2 1001
102.5 0 966
102.6 0 950
102.7 0 918
102.8 0 980
102.9 0 984
103.0 0 956
103.1 0 979
103.2 0 946
103.3 0 977
103.4 0 938
103.5 0 940
103.6 0 921
103.7 0 942
103.8 0 932
103.9 0 931
104.0 0 912
104.1 0 929
104.2 0 930
104.3 0 956
104.4 0 916
104.5 0 965
104.6 0 897
104.7 0 886
104.8 0 916
104.9 0 975
105.0 0 875
105.1 0 929
105.2 0 893
105.3 0 861
105.4 0 921
105.5 0 874
105.6 0 868
105.7 0 962
105.8 0 881
105.9 0 914
106.0 0 915
106.1 0 870
106.2 0 929
106.3 0 879
106.4 0 853
106.5 0 932
106.6 0 844
106.7 0 894
106.8 0 896
106.9 1 901
107.0 0 889
107.1 0 845
107.2 0 864
107.3 0 856
107.4 0 872
107.5 0 844
107.6 0 866
107.7 0 879
107.8 0 846
107.9 0 832
108.0 0 870
108.1 0 828
108.2 0 821
108.3 0 813
108.4 0 872
108.5 0 814
108.6 0 868
108.7 0 810
108.8 0 863
108.9 0 831
109.0 0 853
109.1 0 813
109.2 0 827
109.3 0 855
109.4 0 866
109.5 0 832
109.6 0 822
109.7 0 839
109.8 0 816
109.9 0 818
110.0 0 813
110.1 1 806
110.2 0 849
110.3 0 753
110.4 0 757
110.5 0 833
110.6 0 803
110.7 0 862
110.8 0 808
110.9 0 820
111.0 0 782
111.1 0 802
111.2 0 749
111.3 0 788
111.4 1 802
111.5 0 800
111.6 0 814
111.7 0 786
111.8 0 755
111.9 0 751
112.0 0 761
112.1 0 788
112.2 0 809
112.3 0 774
112.4 0 829
112.5 0 788
112.6 0 844
112.7 0 798
112.8 1 782
112.9 0 756
113.0 0 762
113.1 0 772
113.2 1 766
113.3 0 750
113.4 0 754
113.5 0 725
113.6 0 795
113.7 0 778
113.8 0 730
113.9 0 734
114.0 0 753
114.1 0 761
114.2 0 770
114.3 0 684
114.4 0 705
114.5 0 738
114.6 0 704
114.7 0 740
114.8 0 711
114.9 0 748
115.0 0 703
115.1 0 769
115.2 0 751
115.3 0 777
115.4 0 687
115.5 0 721
115.6 0 734
115.7 0 744
115.8 0 715
115.9 0 728
116.0 0 682
116.1 0 716
116.2 0 650
116.3 0 722
116.4 0 683
116.5 0 689
116.6 0 670
116.7 0 695
116.8 0 718
116.9 0 725
117.0 0 674
117.1 0 694
117.2 0 699
117.3 0 724
117.4 0 738
117.5 0 691
117.6 0 641
117.7 0 746
117.8 0 690
117.9 0 672
118.0 0 670
118.1 0 628
118.2 0 656
118.3 0 666
118.4 0 679
118.5 0 649
118.6 0 687
118.7 0 661
118.8 0 653
118.9 0 669
119.0 0 655
119.1 0 644
119.2 0 671
119.3 0 632
119.4 0 708
119.5 0 637
119.6 0 618
119.7 0 663
119.8 0 655
119.9 0 638
120.0 0 670
120.1 0 669
120.2 0 681
120.3 0 677
120.4 0 633
120.5 0 677
120.6 0 653
120.7 0 640
120.8 0 643
120.9 0 639
121.0 0 669
121.1 0 622
121.2 0 655
121.3 0 652
121.4 0 597
121.5 0 662
121.6 0 628
121.7 0 628
121.8 0 650
121.9 0 618
122.0 0 613
122.1 0 643
122.2 0 600
122.3 0 617
122.4 0 586
122.5 0 598
122.6 0 583
122.7 0 613
122.8 0 626
122.9 0 618
123.0 0 594
123.1 0 630
123.2 0 546
123.3 0 547
123.4 0 615
123.5 0 588
123.6 0 573
123.7 0 588
123.8 0 611
123.9 0 566
124.0 0 588
124.1 0 560
124.2 0 645
124.3 0 593
124.4 0 600
124.5 0 625
124.6 0 589
124.7 0 561
124.8 0 542
124.9 0 572
125.0 0 537
125.1 0 568
125.2 0 567
125.3 0 569
125.4 0 567
125.5 0 548
125.6 0 572
125.7 0 563
125.8 0 614
125.9 0 561
126.0 0 571
126.1 0 573
126.2 0 570
126.3 0 582
126.4 0 578
126.5 0 538
126.6 0 567
126.7 0 546
126.8 0 516
126.9 0 578
127.0 0 553
127.1 0 571
127.2 0 514
127.3 0 550
127.4 0 544
127.5 0 521
127.6 0 573
127.7 0 576
127.8 0 507
127.9 0 515
128.0 0 570
128.1 0 518
128.2 0 547
128.3 0 508
128.4 0 581
128.5 0 516
128.6 0 568
128.7 0 482
128.8 0 552
128.9 0 530
129.0 0 540
129.1 0 505
129.2 0 547
129.3 0 531
129.4 0 521
129.5 0 523
129.6 0 518
129.7 0 509
129.8 0 504
129.9 0 541
130.0 0 555
130.1 0 508
130.2 0 506
130.3 0 495
130.4 0 529
130.5 0 536
130.6 0 559
130.7 0 488
130.8 0 526
130.9 0 478
131.0 0 484
131.1 0 500
131.2 0 526
131.3 0 464
131.4 0 499
131.5 0 470
131.6 0 479
131.7 0 539
131.8 0 495
131.9 0 498
132.0 0 508
132.1 0 467
132.2 0 530
132.3 0 484
132.4 0 503
132.5 0 467
132.6 0 458
132.7 0 480
132.8 0 462
132.9 0 473
133.0 0 499
133.1 0 463
133.2 0 460
133.3 0 514
133.4 0 506
133.5 0 476
133.6 0 508
133.7 0 447
133.8 0 515
133.9 0 475
134.0 0 472
134.1 0 446
134.2 0 484
134.3 0 443
134.4 0 492
134.5 0 452
134.6 0 453
134.7 0 486
134.8 0 451
134.9 0 501
135.0 0 492
135.1 0 501
135.2 0 474
135.3 0 438
135.4 0 476
135.5 0 435
135.6 0 461
135.7 0 424
135.8 0 466
135.9 0 417
136.0 0 457
136.1 0 432
136.2 0 420
136.3 0 436
136.4 0 406
136.5 0 422
136.6 0 438
136.7 0 458
136.8 0 457
136.9 0 467
137.0 0 450
137.1 0 430
137.2 0 449
137.3 0 419
137.4 0 421
137.5 0 440
137.6 0 447
137.7 0 447
137.8 0 427
137.9 0 447
138.0 0 431
138.1 0 423
138.2 0 404
138.3 0 440
138.4 0 450
138.5 0 419
138.6 0 425
138.7 0 407
138.8 0 410
138.9 0 424
139.0 0 460
139.1 0 426
139.2 0 435
139.3 0 412
139.4 0 403
139.5 0 439
139.6 0 418
139.7 0 411
139.8 0 405
139.9 0 446
140.0 0 436
140.1 0 367
140.2 0 410
140.3 0 393
140.4 0 386
140.5 0 419
140.6 0 415
140.7 0 418
140.8 0 435
140.9 0 407
141.0 0 398
141.1 0 412
141.2 0 405
141.3 0 429
141.4 0 426
141.5 0 465
141.6 0 415
141.7 0 381
141.8 0 423
141.9 0 405
142.0 0 407
142.1 0 395
142.2 0 372
142.3 0 398
142.4 0 395
142.5 0 411
142.6 0 406
142.7 0 397
142.8 0 357
142.9 0 397
143.0 0 362
143.1 0 401
143.2 0 395
143.3 0 359
143.4 0 398
143.5 0 381
143.6 0 390
143.7 0 381
143.8 0 374
143.9 0 390
144.0 0 411
144.1 0 390
144.2 0 418
144.3 0 388
144.4 0 406
144.5 0 373
144.6 0 367
144.7 0 351
144.8 0 387
144.9 0 405
145.0 0 392
145.1 0 362
145.2 0 381
145.3 0 395
145.4 0 385
145.5 0 394
145.6 0 375
145.7 0 376
145.8 0 380
145.9 0 351
146.0 0 368
146.1 0 366
146.2 0 375
146.3 0 353
146.4 0 423
146.5 0 341
146.6 0 378
146.7 0 354
146.8 0 350
146.9 0 361
147.0 0 368
147.1 0 376
147.2 0 381
147.3 0 360
147.4 0 324
147.5 0 357
147.6 0 365
147.7 0 362
147.8 0 376
147.9 0 354
148.0 0 372
148.1 0 366
148.2 0 374
148.3 0 387
148.4 0 371
148.5 0 362
148.6 0 347
148.7 0 390
148.8 0 335
148.9 0 345
149.0 0 320
149.1 0 345
149.2 0 363
149.3 0 342
149.4 0 357
149.5 0 348
149.6 0 314
149.7 0 346
149.8 0 346
149.9 0 313
150.0 0 374
150.1 0 363
150.2 0 332
150.3 0 356
150.4 0 340
150.5 0 309
150.6 0 338
150.7 0 311
150.8 0 326
150.9 0 338
151.0 0 345
151.1 0 348
151.2 0 338
151.3 0 338
151.4 0 319
151.5 0 333
151.6 0 336
151.7 0 345
151.8 0 337
151.9 0 303
152.0 0 331
152.1 0 315
152.2 0 346
152.3 0 314
152.4 0 340
152.5 0 393
152.6 0 317
152.7 0 329
152.8 0 377
152.9 0 340
153.0 0 321
153.1 0 337
153.2 0 360
153.3 0 314
153.4 0 320
153.5 0 334
153.6 0 320
153.7 0 352
153.8 0 335
153.9 0 321
154.0 0 300
154.1 0 363
154.2 0 352
154.3 0 328
154.4 0 333
154.5 0 296
154.6 0 309
154.7 0 303
154.8 0 330
154.9 0 341
155.0 0 287
155.1 0 353
155.2 0 325
155.3 0 336
155.4 0 292
155.5 0 307
155.6 0 322
155.7 0 287
155.8 0 318
155.9 0 323
156.0 0 320
156.1 0 310
156.2 0 311
156.3 0 313
156.4 0 313
156.5 0 298
156.6 0 326
156.7 0 302
156.8 0 281
156.9 0 292
157.0 0 295
157.1 0 308
157.2 0 277
157.3 0 330
157.4 0 292
157.5 0 301
157.6 0 303
157.7 0 322
157.8 0 263
157.9 0 295
158.0 0 312
158.1 0 313
158.2 0 245
158.3 0 295
158.4 0 332
158.5 0 317
158.6 0 259
158.7 0 323
158.8 0 300
158.9 0 277
159.0 0 267
159.1 0 282
159.2 0 276
159.3 0 281
159.4 0 266
159.5 0 316
159.6 0 294
159.7 0 300
159.8 0 313
159.9 0 260
160.0 0 293
160.1 0 304
160.2 0 288
160.3 0 271
160.4 0 305
160.5 0 267
160.6 0 285
160.7 0 316
160.8 0 279
160.9 0 263
161.0 0 271
161.1 0 281
161.2 0 280
161.3 0 276
161.4 0 242
161.5 0 263
161.6 0 322
161.7 0 239
161.8 0 261
161.9 0 254
162.0 0 276
162.1 0 257
162.2 0 247
162.3 0 280
162.4 0 297
162.5 0 251
162.6 0 274
162.7 0 279
162.8 0 250
162.9 0 291
163.0 0 277
163.1 0 257
163.2 0 272
163.3 0 263
163.4 0 278
163.5 0 253
163.6 0 269
163.7 0 277
163.8 0 289
163.9 0 260
164.0 0 257
164.1 0 276
164.2 0 266
164.3 0 258
164.4 0 257
164.5 0 271
164.6 0 274
164.7 0 262
164.8 0 239
164.9 0 275
165.0 0 263
165.1 0 270
165.2 0 237
165.3 0 242
165.4 0 244
165.5 0 263
165.6 0 238
165.7 0 220
165.8 0 260
165.9 0 273
166.0 0 263
166.1 0 250
166.2 0 264
166.3 0 261
166.4 0 251
166.5 0 221
166.6 0 278
166.7 0 250
166.8 0 275
166.9 0 234
167.0 0 244
167.1 0 235
167.2 0 213
167.3 0 281
167.4 0 257
167.5 0 231
167.6 0 266
167.7 0 269
167.8 0 234
167.9 0 272
168.0 0 240
168.1 0 241
168.2 0 240
168.3 0 258
168.4 0 246
168.5 0 214
168.6 0 249
168.7 0 223
168.8 0 234
168.9 0 226
169.0 0 234
169.1 0 213
169.2 0 240
169.3 0 224
169.4 0 214
169.5 0 228
169.6 0 253
169.7 0 241
169.8 0 196
169.9 0 235
170.0 0 246
170.1 0 218
170.2 0 228
170.3 0 231
170.4 0 227
170.5 0 242
170.6 0 234
170.7 0 237
170.8 0 242
170.9 0 242
171.0 0 230
171.1 0 212
171.2 0 229
171.3 0 236
171.4 0 209
171.5 0 231
171.6 0 253
171.7 0 235
171.8 0 203
171.9 0 213
172.0 0 220
172.1 0 214
172.2 0 229
172.3 0 234
172.4 0 233
172.5 0 237
172.6 0 229
172.7 0 244
172.8 0 242
172.9 0 212
173.0 0 187
173.1 0 213
173.2 0 241
173.3 0 211
173.4 0 231
173.5 0 203
173.6 0 210
173.7 0 212
173.8 0 221
173.9 0 235
174.0 0 202
174.1 0 227
174.2 0 219
174.3 0 220
174.4 0 206
174.5 0 215
174.6 0 198
174.7 0 232
174.8 0 214
174.9 0 197
175.0 0 225
175.1 0 215
175.2 0 208
175.3 0 210
175.4 0 202
175.5 0 217
175.6 0 176
175.7 0 218
175.8 0 216
175.9 0 221
176.0 0 221
176.1 0 201
176.2 0 215
176.3 0 213
176.4 0 225
176.5 0 215
176.6 0 206
176.7 0 182
176.8 0 204
176.9 0 204
177.0 0 203
177.1 0 194
177.2 0 220
177.3 0 206
177.4 0 227
177.5 0 201
177.6 0 196
177.7 0 216
177.8 0 209
177.9 0 204
178.0 0 197
178.1 0 187
178.2 0 218
178.3 0 196
178.4 0 193
178.5 0 185
178.6 0 198
178.7 0 238
178.8 0 178
178.9 0 182
179.0 0 186
179.1 0 221
179.2 0 210
179.3 0 200
179.4 0 185
179.5 0 184
179.6 0 190
179.7 0 183
179.8 0 170
179.9 0 202
180.0 0 198
180.1 0 209
180.2 0 182
180.3 0 182
180.4 0 200
180.5 0 177
180.6 0 182
180.7 0 175
180.8 0 201
180.9 0 176
181.0 0 199
181.1 0 209
181.2 0 193
181.3 0 188
181.4 0 177
181.5 0 172
181.6 0 211
181.7 0 163
181.8 0 183
181.9 0 221
182.0 0 184
182.1 0 172
182.2 0 208
182.3 0 184
182.4 0 199
182.5 0 198
182.6 0 184
182.7 0 173
182.8 0 195
182.9 0 192
183.0 0 188
183.1 0 211
183.2 0 183
183.3 0 223
183.4 0 191
183.5 0 192
183.6 0 173
183.7 0 172
183.8 0 191
183.9 0 165
184.0 0 184
184.1 0 176
184.2 0 193
184.3 0 178
184.4 0 175
184.5 0 179
184.6 0 202
184.7 0 170
184.8 0 184
184.9 0 203
185.0 0 171
185.1 0 187
185.2 0 193
185.3 0 198
185.4 0 179
185.5 0 223
185.6 0 193
185.7 0 209
185.8 0 183
185.9 0 180
186.0 0 189
186.1 0 157
186.2 0 170
186.3 0 190
186.4 0 183
186.5 0 155
186.6 0 176
186.7 0 172
186.8 0 169
186.9 0 177
187.0 0 183
187.1 0 167
187.2 0 169
187.3 0 167
187.4 0 177
187.5 0 168
187.6 0 204
187.7 0 170
187.8 0 158
187.9 0 152
188.0 0 172
188.1 0 156
188.2 0 171
188.3 0 173
188.4 0 177
188.5 0 178
188.6 0 171
188.7 0 134
188.8 0 172
188.9 0 177
189.0 0 161
189.1 0 169
189.2 0 171
189.3 0 158
189.4 0 175
189.5 0 176
189.6 0 169
189.7 0 155
189.8 0 140
189.9 0 163
190.0 0 166
190.1 0 150
190.2 0 163
190.3 0 162
190.4 0 162
190.5 0 167
190.6 0 157
190.7 0 177
190.8 0 156
190.9 0 141
191.0 0 154
191.1 0 148
191.2 0 183
191.3 0 176
191.4 0 155
191.5 0 151
191.6 0 147
191.7 0 147
191.8 0 149
191.9 0 185
192.0 0 162
192.1 0 158
192.2 0 128
192.3 0 139
192.4 0 165
192.5 0 174
192.6 0 133
192.7 0 148
192.8 0 155
192.9 0 140
193.0 0 150
193.1 0 153
193.2 0 148
193.3 0 138
193.4 0 152
193.5 0 168
193.6 0 156
193.7 0 136
193.8 0 153
193.9 0 132
194.0 0 160
194.1 0 144
194.2 0 147
194.3 0 148
194.4 0 152
194.5 0 149
194.6 0 167
194.7 0 137
194.8 0 151
194.9 0 134
195.0 0 149
195.1 0 133
195.2 0 154
195.3 0 144
195.4 0 160
195.5 0 154
195.6 0 156
195.7 0 160
195.8 0 160
195.9 0 146
196.0 0 148
196.1 0 134
196.2 0 138
196.3 0 156
196.4 0 156
196.5 0 150
196.6 0 151
196.7 0 142
196.8 0 151
196.9 0 149
197.0 0 155
197.1 0 130
197.2 0 163
197.3 0 143
197.4 0 158
197.5 0 149
197.6 0 129
197.7 0 132
197.8 0 118
197.9 0 144
198.0 0 167
198.1 0 126
198.2 0 141
198.3 0 129
198.4 0 140
198.5 0 120
198.6 0 149
198.7 0 117
198.8 0 151
198.9 0 147
199.0 0 140
199.1 0 140
199.2 0 131
199.3 0 146
199.4 0 135
199.5 0 121
199.6 0 149
199.7 0 142
199.8 0 146
199.9 0 132
200.0 0 100720
