节点	端口	平均利用率
0	1	0.037525
0	2	0.100392
0	3	0.036181
0	4	0.098821
0	5	0.029437
0	6	0.015739
0	7	0.004509
0	8	0.017472
0	9	0.040735
1	1	0.114413
1	2	0.074754
1	3	0.054406
1	4	0.089786
1	5	0.028508
1	6	0.026587
1	7	0.111452
1	8	0.006611
1	9	0.054519
2	1	0.072627
2	2	0.086131
2	3	0.041254
2	4	0.106845
2	5	0.033473
2	6	0.086606
2	7	0.079726
2	8	0.042818
2	9	0.004136
3	1	0.044792
3	2	0.049635
3	3	0.053670
3	4	0.071825
3	5	0.067004
3	6	0.046983
3	7	0.007028
3	8	0.045668
3	9	0.029345
4	1	0.125138
4	2	0.105799
4	3	0.040950
4	4	0.063696
4	5	0.027430
4	6	0.066376
4	7	0.028225
4	8	0.087768
4	9	0.014245
5	1	0.029487
5	2	0.085067
5	3	0.080369
5	4	0.045803
5	5	0.038943
5	6	0.004421
5	7	0.032689
5	8	0.064403
5	9	0.032191
6	1	0.108950
6	2	0.123341
6	3	0.114610
6	4	0.059842
6	5	0.080100
6	6	0.008554
6	7	0.004852
6	8	0.044414
6	9	0.005937
7	1	0.066555
7	2	0.119585
7	3	0.073391
7	4	0.066998
7	5	0.093912
7	6	0.019392
7	7	0.007212
7	8	0.055674
7	9	0.026934
8	1	0.009204
8	2	0.059450
8	3	0.070030
8	4	0.032609
8	5	0.045364
8	6	0.032785
8	7	0.039837
8	8	0.032588
8	9	0.022998
9	1	0.139458
9	2	0.157829
9	3	0.065637
9	4	0.065168
9	5	0.097023
9	6	0.046654
9	7	0.029533
9	8	0.014862
9	9	0.011731
10	1	0.063187
10	2	0.103749
10	3	0.055342
10	4	0.060388
10	5	0.032305
10	6	0.038990
10	7	0.056258
10	8	0.029686
10	9	0.037193
11	1	0.047654
11	2	0.016322
11	3	0.044751
11	4	0.135288
11	5	0.032712
11	6	0.083659
11	7	0.076393
11	8	0.032231
11	9	0.073881
12	1	0.028399
12	2	0.130824
12	3	0.094537
12	4	0.036852
12	5	0.008803
12	6	0.029723
12	7	0.028106
12	8	0.049395
12	9	0.040613
13	1	0.108641
13	2	0.119129
13	3	0.161627
13	4	0.094639
13	5	0.108638
13	6	0.020120
13	7	0.048495
13	8	0.047260
13	9	0.025221
14	1	0.079145
14	2	0.092879
14	3	0.010003
14	4	0.062953
14	5	0.107250
14	6	0.015338
14	7	0.046076
14	8	0.014036
14	9	0.037591
15	1	0.029271
15	2	0.039697
15	3	0.033735
15	4	0.092960
15	5	0.034642
15	6	0.004303
15	7	0.034734
15	8	0.081311
15	9	0.072969
16	1	0.081133
16	2	0.035060
16	3	0.029747
16	4	0.049709
16	5	0.039788
16	6	0.079369
16	7	0.004475
16	8	0.066600
16	9	0.038710
17	1	0.149476
17	2	0.095242
17	3	0.007802
17	4	0.102432
17	5	0.051402
17	6	0.006897
17	7	0.018205
17	8	0.031203
17	9	0.056234
18	1	0.115563
18	2	0.102591
18	3	0.043708
18	4	0.066287
18	5	0.026678
18	6	0.008831
18	7	0.025594
18	8	0.053972
18	9	0.004211
19	1	0.060096
19	2	0.006884
19	3	0.103996
19	4	0.065440
19	5	0.023480
19	6	0.034773
19	7	0.031777
19	8	0.054684
19	9	0.005532
20	1	0.062781
20	2	0.117935
20	3	0.046833
20	4	0.060085
20	5	0.044345
20	6	0.038507
20	7	0.048193
20	8	0.043280
20	9	0.072646
21	1	0.144105
21	2	0.111302
21	3	0.077203
21	4	0.014684
21	5	0.063625
21	6	0.064841
21	7	0.051605
21	8	0.070136
21	9	0.039983
22	1	0.018765
22	2	0.101681
22	3	0.093007
22	4	0.091533
22	5	0.059466
22	6	0.019102
22	7	0.021062
22	8	0.004086
22	9	0.072673
23	1	0.058907
23	2	0.034876
23	3	0.038223
23	4	0.169952
23	5	0.036360
23	6	0.041125
23	7	0.017066
23	8	0.042867
23	9	0.009444
24	1	0.050714
24	2	0.123287
24	3	0.029042
24	4	0.086569
24	5	0.045150
24	6	0.051500
24	7	0.023011
24	8	0.057246
24	9	0.084268
25	1	0.042187
25	2	0.126195
25	3	0.049701
25	4	0.054945
25	5	0.084862
25	6	0.021563
25	7	0.055549
25	8	0.024368
25	9	0.027793
26	1	0.070410
26	2	0.148245
26	3	0.077791
26	4	0.134926
26	5	0.108194
26	6	0.030005
26	7	0.020339
26	8	0.038908
26	9	0.029496
27	1	0.120847
27	2	0.090947
27	3	0.083458
27	4	0.008017
27	5	0.012867
27	6	0.062820
27	7	0.004215
27	8	0.006147
27	9	0.072548
28	1	0.124799
28	2	0.062145
28	3	0.051986
28	4	0.042953
28	5	0.078658
28	6	0.021779
28	7	0.038902
28	8	0.023154
28	9	0.064940
29	1	0.067740
29	2	0.075447
29	3	0.017000
29	4	0.068300
29	5	0.051557
29	6	0.022400
29	7	0.007253
29	8	0.053488
29	9	0.044590
30	1	0.138945
30	2	0.044191
30	3	0.071154
30	4	0.042355
30	5	0.025909
30	6	0.058670
30	7	0.038265
30	8	0.100554
30	9	0.005309
31	1	0.065090
31	2	0.054332
31	3	0.103752
31	4	0.011112
31	5	0.026967
31	6	0.039090
31	7	0.052665
31	8	0.039556
31	9	0.040330
32	1	0.050059
32	2	0.125117
32	3	0.068511
32	4	0.136012
32	5	0.053775
32	6	0.029736
32	7	0.055647
32	8	0.035417
32	9	0.025729
33	1	0.115136
33	2	0.057142
33	3	0.073655
33	4	0.014870
33	5	0.047660
33	6	0.083756
33	7	0.047781
33	8	0.005514
33	9	0.035095
34	1	0.111689
34	2	0.084870
34	3	0.049614
34	4	0.050808
34	5	0.093120
34	6	0.033043
34	7	0.035709
34	8	0.060000
34	9	0.035921
35	1	0.125222
35	2	0.079977
35	3	0.084366
35	4	0.036790
35	5	0.073960
35	6	0.028787
35	7	0.020681
35	8	0.041363
35	9	0.048320
36	1	0.051415
37	1	0.002664
38	1	0.034064
39	1	0.029244
40	1	0.053360
41	1	0.012169
42	1	0.029388
43	1	0.056599
44	1	0.022363
45	1	0.055183
46	1	0.027827
47	1	0.006178
48	1	0.048195
49	1	0.031418
50	1	0.040977
51	1	0.028803
52	1	0.011301
53	1	0.067940
54	1	0.090709
55	1	0.075795
56	1	0.002860
57	1	0.037679
58	1	0.073014
59	1	0.010360
60	1	0.062731
61	1	0.021984
62	1	0.017983
63	1	0.051797
64	1	0.057057
65	1	0.075149
66	1	0.019417
67	1	0.068737
68	1	0.061765
69	1	0.004525
70	1	0.008149
71	1	0.004507
72	1	0.046944
73	1	0.068713
74	1	0.054687
75	1	0.020441
76	1	0.005627
77	1	0.052110
78	1	0.030306
79	1	0.067972
80	1	0.029000
81	1	0.023093
82	1	0.039863
83	1	0.050228
84	1	0.068048
85	1	0.066913
86	1	0.008356
87	1	0.032393
88	1	0.034750
89	1	0.048903
90	1	0.035110
91	1	0.077405
92	1	0.033339
93	1	0.035847
94	1	0.028399
95	1	0.030446
96	1	0.027271
97	1	0.007254
98	1	0.032557
99	1	0.015536
100	1	0.022651
101	1	0.015259
102	1	0.029067
103	1	0.046264
104	1	0.044449
105	1	0.025258
106	1	0.017731
107	1	0.115391
108	1	0.062126
109	1	0.034544
110	1	0.033336
111	1	0.037949
112	1	0.062058
113	1	0.011166
114	1	0.068173
115	1	0.040663
116	1	0.019499
117	1	0.062303
118	1	0.044129
119	1	0.044374
120	1	0.065534
121	1	0.065561
122	1	0.033401
123	1	0.006510
124	1	0.006023
125	1	0.049759
126	1	0.003726
127	1	0.086258
128	1	0.007203
129	1	0.030897
130	1	0.007156
131	1	0.024494
132	1	0.080468
133	1	0.034620
134	1	0.028314
135	1	0.016733
136	1	0.029657
137	1	0.032029
138	1	0.003777
139	1	0.053990
140	1	0.032536
141	1	0.068396
142	1	0.091158
143	1	0.045223
144	1	0.046052
145	1	0.004362
146	1	0.006382
147	1	0.069186
148	1	0.079014
149	1	0.030153
150	1	0.021517
151	1	0.062252
152	1	0.040510
153	1	0.032888
154	1	0.036786
155	1	0.005042
156	1	0.007682
157	1	0.076870
158	1	0.008898
159	1	0.024703
160	1	0.053678
161	1	0.007090
162	1	0.034778
163	1	0.012318
164	1	0.031038
165	1	0.094414
166	1	0.043091
167	1	0.035130
168	1	0.056713
169	1	0.007255
170	1	0.013982
171	1	0.050017
172	1	0.009988
173	1	0.055935
174	1	0.025804
175	1	0.031160
176	1	0.019124
177	1	0.019300
178	1	0.019794
179	1	0.101410
