节点	端口	平均利用率
0	1	0.292803
0	2	0.176136
0	3	0.145179
0	4	0.240319
0	5	0.037735
0	6	0.110310
0	7	0.038533
0	8	0.023746
0	9	0.249109
1	1	0.284654
1	2	0.238214
1	3	0.163050
1	4	0.367040
1	5	0.150002
1	6	0.092942
1	7	0.017018
1	8	0.096028
1	9	0.171173
2	1	0.609738
2	2	0.036951
2	3	0.288727
2	4	0.050966
2	5	0.132903
2	6	0.183527
2	7	0.120336
2	8	0.176035
2	9	0.107847
3	1	0.246227
3	2	0.221851
3	3	0.127888
3	4	0.143297
3	5	0.168754
3	6	0.062511
3	7	0.134594
3	8	0.134817
3	9	0.149131
4	1	0.264115
4	2	0.640359
4	3	0.031971
4	4	0.339115
4	5	0.224417
4	6	0.125177
4	7	0.224035
4	8	0.157412
4	9	0.076010
5	1	0.146836
5	2	0.157722
5	3	0.196240
5	4	0.272887
5	5	0.263480
5	6	0.242196
5	7	0.100922
5	8	0.071287
5	9	0.122029
6	1	0.583472
6	2	0.495106
6	3	0.131181
6	4	0.139494
6	5	0.093820
6	6	0.204815
6	7	0.122448
6	8	0.049787
6	9	0.184534
7	1	0.250791
7	2	0.217679
7	3	0.574418
7	4	0.243742
7	5	0.327609
7	6	0.120010
7	7	0.045441
7	8	0.191443
7	9	0.258366
8	1	0.400755
8	2	0.200278
8	3	0.130555
8	4	0.296298
8	5	0.208048
8	6	0.102223
8	7	0.036431
8	8	0.102996
8	9	0.052103
9	1	0.292338
9	2	0.399506
9	3	0.029382
9	4	0.113611
9	5	0.320971
9	6	0.130001
9	7	0.194962
9	8	0.090483
9	9	0.160476
10	1	0.136821
10	2	0.227709
10	3	0.164893
10	4	0.406235
10	5	0.094352
10	6	0.140008
10	7	0.099550
10	8	0.162409
10	9	0.188444
11	1	0.069022
11	2	0.076844
11	3	0.337041
11	4	0.303154
11	5	0.173490
11	6	0.275605
11	7	0.104187
11	8	0.131044
11	9	0.178701
12	1	0.303266
12	2	0.232220
12	3	0.166128
12	4	0.142443
12	5	0.148414
12	6	0.284145
12	7	0.049008
12	8	0.068293
12	9	0.107907
13	1	0.221594
13	2	0.434739
13	3	0.292746
13	4	0.200515
13	5	0.278158
13	6	0.356238
13	7	0.066680
13	8	0.426871
13	9	0.206469
14	1	0.341649
14	2	0.310568
14	3	0.072764
14	4	0.149614
14	5	0.263226
14	6	0.022253
14	7	0.199291
14	8	0.070686
14	9	0.012550
15	1	0.321070
15	2	0.155270
15	3	0.121404
15	4	0.510258
15	5	0.372735
15	6	0.149042
15	7	0.159636
15	8	0.020164
15	9	0.187859
16	1	0.184247
16	2	0.342176
16	3	0.184407
16	4	0.028579
16	5	0.128272
16	6	0.054747
16	7	0.065248
16	8	0.036828
16	9	0.087756
17	1	0.379021
17	2	0.458530
17	3	0.153761
17	4	0.237238
17	5	0.188409
17	6	0.139382
17	7	0.135258
17	8	0.033919
17	9	0.014987
18	1	0.415387
18	2	0.304562
18	3	0.125690
18	4	0.110167
18	5	0.128097
18	6	0.158871
18	7	0.077685
18	8	0.209099
18	9	0.053134
19	1	0.551485
19	2	0.115115
19	3	0.094120
19	4	0.155375
19	5	0.457661
19	6	0.030195
19	7	0.073342
19	8	0.016499
19	9	0.088418
20	1	0.379452
20	2	0.135543
20	3	0.120251
20	4	0.323924
20	5	0.129501
20	6	0.122260
20	7	0.289549
20	8	0.214843
20	9	0.153967
21	1	0.243510
21	2	0.224248
21	3	0.325043
21	4	0.155768
21	5	0.173287
21	6	0.014413
21	7	0.247070
21	8	0.060281
21	9	0.109672
22	1	0.371850
22	2	0.348818
22	3	0.239297
22	4	0.032874
22	5	0.102515
22	6	0.161002
22	7	0.199481
22	8	0.062188
22	9	0.086295
23	1	0.323160
23	2	0.136583
23	3	0.145902
23	4	0.132596
23	5	0.255744
23	6	0.102222
23	7	0.051910
23	8	0.157629
23	9	0.046914
24	1	0.393051
24	2	0.285434
24	3	0.362580
24	4	0.336531
24	5	0.034060
24	6	0.140232
24	7	0.043051
24	8	0.043831
24	9	0.066625
25	1	0.304571
25	2	0.362642
25	3	0.097840
25	4	0.498649
25	5	0.392491
25	6	0.033312
25	7	0.066051
25	8	0.183021
25	9	0.219101
26	1	0.190372
26	2	0.612826
26	3	0.136654
26	4	0.115136
26	5	0.075960
26	6	0.113343
26	7	0.262378
26	8	0.344690
26	9	0.208193
27	1	0.059739
27	2	0.367408
27	3	0.536297
27	4	0.307318
27	5	0.241865
27	6	0.144893
27	7	0.116976
27	8	0.149879
27	9	0.094860
28	1	0.338383
28	2	0.139939
28	3	0.161360
28	4	0.093372
28	5	0.229015
28	6	0.114398
28	7	0.112591
28	8	0.179080
28	9	0.022985
29	1	0.269188
29	2	0.365825
29	3	0.098774
29	4	0.120727
29	5	0.141398
29	6	0.141137
29	7	0.054216
29	8	0.109578
29	9	0.093068
30	1	0.292588
30	2	0.201152
30	3	0.170419
30	4	0.163505
30	5	0.184098
30	6	0.288676
30	7	0.279544
30	8	0.079292
30	9	0.016884
31	1	0.259200
31	2	0.443712
31	3	0.181673
31	4	0.131665
31	5	0.254330
31	6	0.170834
31	7	0.058600
31	8	0.022788
31	9	0.135753
32	1	0.148471
32	2	0.458178
32	3	0.168198
32	4	0.144481
32	5	0.146850
32	6	0.108430
32	7	0.116327
32	8	0.021686
32	9	0.019108
33	1	0.113914
33	2	0.091688
33	3	0.108232
33	4	0.138364
33	5	0.088795
33	6	0.315867
33	7	0.205420
33	8	0.144329
33	9	0.356014
34	1	0.357757
34	2	0.429175
34	3	0.121480
34	4	0.300471
34	5	0.048207
34	6	0.069494
34	7	0.057994
34	8	0.045763
34	9	0.086897
35	1	0.237411
35	2	0.297439
35	3	0.214128
35	4	0.203587
35	5	0.062345
35	6	0.090939
35	7	0.021151
35	8	0.069705
35	9	0.081502
36	1	0.167935
37	1	0.009598
38	1	0.108072
39	1	0.128788
40	1	0.144416
41	1	0.062294
42	1	0.055076
43	1	0.221979
44	1	0.080328
45	1	0.142807
46	1	0.062544
47	1	0.099033
48	1	0.152778
49	1	0.255480
50	1	0.021615
51	1	0.151137
52	1	0.144552
53	1	0.277866
54	1	0.276661
55	1	0.085305
56	1	0.055585
57	1	0.278395
58	1	0.045288
59	1	0.102961
60	1	0.149224
61	1	0.089082
62	1	0.165480
63	1	0.030716
64	1	0.361245
65	1	0.065024
66	1	0.264712
67	1	0.205876
68	1	0.015091
69	1	0.023570
70	1	0.017459
71	1	0.235585
72	1	0.134164
73	1	0.181531
74	1	0.017319
75	1	0.019776
76	1	0.167559
77	1	0.093528
78	1	0.210073
79	1	0.085692
80	1	0.169227
81	1	0.037800
82	1	0.198315
83	1	0.180075
84	1	0.229094
85	1	0.013753
86	1	0.103880
87	1	0.230458
88	1	0.119445
89	1	0.142630
90	1	0.425105
91	1	0.064803
92	1	0.063016
93	1	0.177380
94	1	0.091894
95	1	0.017596
96	1	0.102524
97	1	0.043927
98	1	0.061065
99	1	0.057793
100	1	0.081150
101	1	0.138877
102	1	0.143691
103	1	0.178899
104	1	0.059131
105	1	0.367160
106	1	0.199584
107	1	0.106217
108	1	0.107993
109	1	0.125801
110	1	0.203652
111	1	0.036021
112	1	0.216570
113	1	0.083838
114	1	0.057092
115	1	0.279028
116	1	0.116569
117	1	0.181245
118	1	0.041286
119	1	0.194147
120	1	0.018819
121	1	0.028791
122	1	0.095991
123	1	0.082263
124	1	0.094084
125	1	0.199594
126	1	0.104125
127	1	0.021181
128	1	0.054906
129	1	0.127024
130	1	0.266640
131	1	0.082278
132	1	0.045757
133	1	0.018527
134	1	0.170469
135	1	0.018234
136	1	0.169623
137	1	0.018954
138	1	0.227084
139	1	0.336142
140	1	0.145894
141	1	0.151867
142	1	0.034541
143	1	0.030037
144	1	0.216682
145	1	0.319168
146	1	0.036916
147	1	0.222764
148	1	0.044886
149	1	0.221896
150	1	0.020954
151	1	0.108149
152	1	0.019596
153	1	0.014856
154	1	0.247463
155	1	0.022519
156	1	0.207749
157	1	0.062921
158	1	0.112130
159	1	0.010657
160	1	0.042273
161	1	0.276641
162	1	0.194374
163	1	0.061341
164	1	0.173092
165	1	0.118551
166	1	0.046482
167	1	0.111153
168	1	0.075390
169	1	0.163503
170	1	0.017893
171	1	0.094694
172	1	0.142459
173	1	0.060411
174	1	0.058540
175	1	0.228421
176	1	0.268203
177	1	0.159174
178	1	0.080805
179	1	0.061826
